442
1.000000 -0.027127 
0.997498 0.035339 
0.994996 0.039336 
0.992494 0.039727 
0.989966 0.041180 
0.987389 0.041859 
0.984763 0.040287 
0.982083 0.036729 
0.979349 0.032129 
0.976559 0.027141 
0.973709 0.022417 
0.970797 0.018041 
0.967820 0.014199 
0.964776 0.010758 
0.961661 0.007715 
0.958471 0.004660 
0.955204 0.001402 
0.951855 -0.002496 
0.948420 -0.007313 
0.944896 -0.012670 
0.941278 -0.017770 
0.937560 -0.021927 
0.933736 -0.024806 
0.929798 -0.026933 
0.925741 -0.028829 
0.921557 -0.030744 
0.917237 -0.032888 
0.912774 -0.034928 
0.908157 -0.036717 
0.903375 -0.038069 
0.898428 -0.038880 
0.893441 -0.039296 
0.888454 -0.039358 
0.883467 -0.039108 
0.878480 -0.038547 
0.873493 -0.037735 
0.868505 -0.036696 
0.863517 -0.035635 
0.858528 -0.034470 
0.853539 -0.033305 
0.848550 -0.031827 
0.843560 -0.030224 
0.838569 -0.028496 
0.833578 -0.026767 
0.828586 -0.025226 
0.823593 -0.023766 
0.818600 -0.022473 
0.813607 -0.021118 
0.808614 -0.019762 
0.803620 -0.018281 
0.798625 -0.016862 
0.793630 -0.015443 
0.788635 -0.014023 
0.783639 -0.012728 
0.778643 -0.011539 
0.773647 -0.010307 
0.768650 -0.009199 
0.763653 -0.008028 
0.758656 -0.006856 
0.753658 -0.005793 
0.748661 -0.004684 
0.743663 -0.003574 
0.738664 -0.002527 
0.733666 -0.001463 
0.728667 -0.000416 
0.723669 0.000632 
0.718670 0.001571 
0.713670 0.002619 
0.708671 0.003667 
0.703671 0.004670 
0.698671 0.005718 
0.693671 0.006767 
0.688671 0.007770 
0.683671 0.008819 
0.678670 0.009806 
0.673670 0.010855 
0.668669 0.011858 
0.663668 0.012908 
0.658667 0.013896 
0.653665 0.014899 
0.648664 0.015950 
0.643662 0.016938 
0.638660 0.017942 
0.633658 0.018993 
0.628656 0.020045 
0.623654 0.021048 
0.618652 0.022100 
0.613650 0.023153 
0.608647 0.024156 
0.603645 0.025146 
0.598642 0.026074 
0.593639 0.027015 
0.588636 0.028006 
0.583634 0.029059 
0.578631 0.030001 
0.573627 0.030992 
0.568624 0.031983 
0.563621 0.032925 
0.558618 0.033917 
0.553614 0.034972 
0.548611 0.035914 
0.543607 0.036906 
0.538604 0.037899 
0.533600 0.038778 
0.528596 0.039771 
0.523593 0.040764 
0.518589 0.041644 
0.513585 0.042575 
0.508581 0.043568 
0.503577 0.044448 
0.498573 0.045442 
0.493569 0.046385 
0.488565 0.047380 
0.483561 0.048437 
0.478557 0.049506 
0.473553 0.050564 
0.468549 0.051623 
0.463545 0.052629 
0.458541 0.053688 
0.453537 0.054746 
0.448533 0.055816 
0.443529 0.056875 
0.438525 0.057935 
0.433520 0.058816 
0.428516 0.059687 
0.423512 0.060621 
0.418508 0.061439 
0.413504 0.062248 
0.408500 0.063003 
0.403496 0.063633 
0.398492 0.064190 
0.393488 0.064757 
0.388484 0.065260 
0.383480 0.065818 
0.378476 0.066321 
0.373472 0.066825 
0.368468 0.067383 
0.363464 0.067887 
0.358460 0.068391 
0.353456 0.068948 
0.348452 0.069515 
0.343449 0.070019 
0.338445 0.070640 
0.333441 0.071270 
0.328437 0.071892 
0.323433 0.072585 
0.318429 0.073269 
0.313426 0.074025 
0.308422 0.074773 
0.303418 0.075593 
0.298415 0.076467 
0.293411 0.077341 
0.288408 0.078279 
0.283404 0.079280 
0.278401 0.080344 
0.273397 0.081353 
0.268394 0.082474 
0.263391 0.083602 
0.258388 0.084793 
0.253385 0.085985 
0.248382 0.087240 
0.243379 0.088489 
0.238376 0.089745 
0.233373 0.091001 
0.228371 0.092252 
0.223368 0.093382 
0.218366 0.094570 
0.213363 0.095633 
0.208361 0.096695 
0.203359 0.097701 
0.198357 0.098828 
0.193355 0.100082 
0.188353 0.101521 
0.183352 0.103092 
0.178350 0.104850 
0.173349 0.106613 
0.168348 0.108499 
0.163347 0.110197 
0.158347 0.111769 
0.153346 0.113337 
0.148346 0.114784 
0.143345 0.116419 
0.138345 0.118250 
0.133346 0.120332 
0.128346 0.122480 
0.123347 0.124626 
0.118349 0.126460 
0.113350 0.128104 
0.108352 0.129558 
0.103354 0.131078 
0.098357 0.132853 
0.093460 0.134950 
0.088737 0.137239 
0.084174 0.139405 
0.079762 0.140999 
0.075491 0.142083 
0.071350 0.143233 
0.067334 0.144705 
0.063434 0.146687 
0.059644 0.149051 
0.055958 0.151859 
0.052371 0.154977 
0.048876 0.158531 
0.045470 0.162518 
0.042148 0.167123 
0.038906 0.172345 
0.035741 0.178253 
0.032650 0.184677 
0.029628 0.191313 
0.026674 0.198475 
0.023785 0.207182 
0.020959 0.219199 
0.018196 0.237596 
0.015497 0.266395 
0.012864 0.312909 
0.010298 0.391095 
0.007821 0.521673 
0.005452 0.732233 
0.003356 1.027698 
0.001449 1.362574 
0.000291 1.635366 
0.000042 1.727723 
0.000840 1.601571 
0.002411 1.318077 
0.004274 1.031395 
0.006306 0.815119 
0.008524 0.683544 
0.010846 0.606623 
0.013257 0.559680 
0.015746 0.527575 
0.018318 0.500130 
0.020969 0.474898 
0.023697 0.450383 
0.026499 0.427159 
0.029379 0.403999 
0.032339 0.380453 
0.035379 0.357465 
0.038504 0.335542 
0.041716 0.314395 
0.045019 0.294098 
0.048416 0.274235 
0.051912 0.255433 
0.055511 0.237415 
0.059219 0.220129 
0.063039 0.203486 
0.066978 0.187561 
0.071045 0.172919 
0.075246 0.160059 
0.079588 0.148728 
0.084073 0.137475 
0.088720 0.125174 
0.093546 0.112837 
0.098511 0.102714 
0.103488 0.095729 
0.108467 0.090625 
0.113448 0.086009 
0.118430 0.080584 
0.123414 0.073911 
0.128401 0.066251 
0.133391 0.058231 
0.138383 0.050603 
0.143378 0.044221 
0.148374 0.039217 
0.153370 0.035264 
0.158367 0.031800 
0.163365 0.028325 
0.168363 0.024477 
0.173362 0.020382 
0.178362 0.016052 
0.183363 0.011897 
0.188364 0.007945 
0.193366 0.004352 
0.198368 0.000962 
0.203371 -0.002131 
0.208374 -0.005099 
0.213377 -0.008004 
0.218380 -0.010908 
0.223384 -0.013749 
0.228388 -0.016590 
0.233392 -0.019306 
0.238396 -0.021959 
0.243400 -0.024487 
0.248404 -0.026890 
0.253408 -0.029168 
0.258412 -0.031322 
0.263416 -0.033247 
0.268420 -0.035089 
0.273424 -0.036703 
0.278428 -0.038255 
0.283432 -0.039621 
0.288436 -0.040863 
0.293440 -0.041981 
0.298444 -0.043036 
0.303447 -0.044030 
0.308451 -0.044859 
0.313455 -0.045666 
0.318458 -0.046371 
0.323462 -0.047054 
0.328465 -0.047573 
0.333469 -0.048132 
0.338472 -0.048590 
0.343476 -0.049024 
0.348479 -0.049420 
0.353482 -0.049792 
0.358486 -0.050227 
0.363489 -0.050623 
0.368492 -0.051058 
0.373496 -0.051515 
0.378499 -0.052013 
0.383502 -0.052572 
0.388505 -0.053193 
0.393508 -0.053815 
0.398511 -0.054498 
0.403514 -0.055182 
0.408517 -0.055928 
0.413520 -0.056673 
0.418523 -0.057481 
0.423526 -0.058227 
0.428528 -0.059073 
0.433531 -0.059943 
0.438533 -0.060751 
0.443536 -0.061721 
0.448538 -0.062591 
0.453540 -0.063461 
0.458542 -0.064430 
0.463544 -0.065300 
0.468545 -0.066145 
0.473547 -0.067015 
0.478548 -0.067921 
0.483549 -0.068853 
0.488550 -0.069822 
0.493551 -0.070753 
0.498552 -0.071721 
0.503553 -0.072591 
0.508553 -0.073496 
0.513553 -0.074365 
0.518553 -0.075271 
0.523553 -0.076140 
0.528553 -0.076983 
0.533552 -0.077790 
0.538551 -0.078571 
0.543550 -0.079377 
0.548549 -0.080122 
0.553548 -0.080902 
0.558547 -0.081647 
0.563545 -0.082427 
0.568543 -0.083171 
0.573541 -0.083916 
0.578539 -0.084633 
0.583536 -0.085378 
0.588534 -0.086157 
0.593531 -0.086901 
0.598528 -0.087680 
0.603525 -0.088425 
0.608521 -0.089203 
0.613517 -0.089948 
0.618514 -0.090692 
0.623509 -0.091470 
0.628505 -0.092214 
0.633500 -0.092930 
0.638496 -0.093674 
0.643491 -0.094452 
0.648485 -0.095134 
0.653480 -0.095849 
0.658474 -0.096531 
0.663468 -0.097246 
0.668462 -0.097928 
0.673456 -0.098643 
0.678449 -0.099234 
0.683442 -0.099853 
0.688435 -0.100444 
0.693428 -0.101002 
0.698420 -0.101592 
0.703412 -0.102212 
0.708404 -0.102802 
0.713396 -0.103297 
0.718387 -0.103825 
0.723378 -0.104321 
0.728369 -0.104787 
0.738366 -0.105872 
0.743372 -0.106367 
0.748377 -0.106833 
0.753383 -0.107328 
0.758388 -0.107855 
0.763393 -0.108474 
0.768397 -0.109063 
0.773402 -0.109714 
0.778406 -0.110333 
0.783410 -0.110922 
0.788413 -0.111572 
0.793417 -0.112190 
0.798420 -0.112903 
0.803422 -0.113553 
0.808425 -0.114264 
0.813426 -0.114852 
0.818428 -0.115409 
0.823429 -0.115966 
0.828431 -0.116523 
0.833431 -0.117172 
0.838432 -0.117975 
0.843432 -0.118778 
0.848431 -0.119672 
0.853430 -0.120473 
0.858429 -0.121150 
0.863427 -0.121672 
0.868426 -0.122132 
0.873424 -0.122347 
0.878422 -0.122377 
0.883421 -0.122193 
0.888420 -0.121734 
0.893419 -0.121063 
0.898418 -0.120118 
0.903377 -0.118746 
0.908170 -0.116950 
0.912798 -0.114636 
0.917273 -0.111956 
0.921603 -0.109305 
0.925798 -0.107049 
0.929866 -0.105492 
0.933813 -0.104506 
0.937645 -0.103575 
0.941369 -0.101592 
0.944992 -0.097605 
0.948526 -0.091409 
0.951971 -0.084325 
0.955330 -0.077925 
0.958606 -0.073908 
0.961804 -0.072699 
0.964926 -0.074281 
0.967977 -0.078093 
0.970959 -0.083847 
0.973875 -0.091182 
0.976727 -0.099941 
0.979517 -0.109563 
0.982245 -0.119222 
0.984914 -0.127367 
0.987525 -0.132233 
0.990081 -0.131937 
0.992584 -0.125698 
0.995059 -0.113555 
0.997530 -0.091513 
0.997530 -0.091513 
