446
1.000000 0.158902 
0.997502 0.233523 
0.995005 0.231445 
0.992507 0.237485 
0.989984 0.246488 
0.987413 0.254203 
0.984790 0.259639 
0.982115 0.265869 
0.979384 0.271505 
0.976596 0.275452 
0.973748 0.280493 
0.970838 0.283459 
0.967863 0.289390 
0.964819 0.293160 
0.961705 0.293160 
0.958516 0.296126 
0.955249 0.299093 
0.951900 0.302059 
0.948464 0.302059 
0.944939 0.305026 
0.941317 0.305026 
0.937596 0.305833 
0.933768 0.308800 
0.929827 0.308800 
0.925767 0.305833 
0.921581 0.305833 
0.917260 0.305026 
0.912795 0.305026 
0.908176 0.302059 
0.903394 0.299093 
0.898443 0.299093 
0.893451 0.296126 
0.888460 0.293160 
0.883470 0.289390 
0.878481 0.289390 
0.873493 0.286424 
0.868507 0.283459 
0.863523 0.279692 
0.858539 0.275542 
0.853557 0.272577 
0.848575 0.269908 
0.843595 0.266146 
0.838616 0.262886 
0.833639 0.259033 
0.828663 0.255476 
0.823688 0.250829 
0.818715 0.246680 
0.813742 0.242828 
0.808771 0.237890 
0.803800 0.234038 
0.798831 0.230187 
0.793862 0.226336 
0.788894 0.221699 
0.783928 0.217553 
0.778963 0.212814 
0.773999 0.208075 
0.769036 0.202260 
0.764075 0.197226 
0.759114 0.191897 
0.754154 0.186086 
0.749196 0.181054 
0.744237 0.175726 
0.739280 0.170102 
0.734323 0.163707 
0.729367 0.157789 
0.724412 0.152166 
0.719458 0.146248 
0.714503 0.139565 
0.709550 0.133648 
0.704596 0.128027 
0.699643 0.121814 
0.694691 0.115601 
0.689739 0.108041 
0.684788 0.101238 
0.679837 0.094140 
0.674885 0.087633 
0.669934 0.081718 
0.664983 0.075646 
0.660031 0.070028 
0.655080 0.064114 
0.650130 0.056427 
0.645181 0.046225 
0.640233 0.035287 
0.635287 0.023759 
0.630339 0.012386 
0.625390 0.003816 
0.620439 -0.002390 
0.615484 -0.007253 
0.610527 -0.010503 
0.605569 -0.014344 
0.600611 -0.019662 
0.595654 -0.027048 
0.590698 -0.035616 
0.585743 -0.046081 
0.580788 -0.055533 
0.575833 -0.064985 
0.570877 -0.073845 
0.565919 -0.083117 
0.560960 -0.091385 
0.556001 -0.099948 
0.551040 -0.109505 
0.546079 -0.118952 
0.541117 -0.128398 
0.536153 -0.138831 
0.531189 -0.148570 
0.526224 -0.158700 
0.521257 -0.167846 
0.516289 -0.176993 
0.511319 -0.186522 
0.506348 -0.195076 
0.501376 -0.204599 
0.496402 -0.213151 
0.491427 -0.221702 
0.486451 -0.231216 
0.481473 -0.240060 
0.476494 -0.249860 
0.471514 -0.258997 
0.466532 -0.268133 
0.461549 -0.277924 
0.456565 -0.286174 
0.451579 -0.294780 
0.446591 -0.301849 
0.441603 -0.308976 
0.436612 -0.315454 
0.431621 -0.321639 
0.426628 -0.328464 
0.421634 -0.334646 
0.416639 -0.340534 
0.411643 -0.345834 
0.406646 -0.350591 
0.401648 -0.353828 
0.396649 -0.355889 
0.391649 -0.357066 
0.386648 -0.357360 
0.381646 -0.357066 
0.376645 -0.355889 
0.371642 -0.353828 
0.366640 -0.351179 
0.361637 -0.347648 
0.356634 -0.343233 
0.351631 -0.338229 
0.346628 -0.332291 
0.341625 -0.326403 
0.336622 -0.320515 
0.331620 -0.314627 
0.326617 -0.307798 
0.321616 -0.301319 
0.316614 -0.293601 
0.311613 -0.285943 
0.306613 -0.277695 
0.301613 -0.268496 
0.296614 -0.259951 
0.291615 -0.251334 
0.286617 -0.243966 
0.281620 -0.236522 
0.276623 -0.230036 
0.271627 -0.222882 
0.266632 -0.215510 
0.261638 -0.206580 
0.256644 -0.197731 
0.251652 -0.187909 
0.246660 -0.178378 
0.241670 -0.169819 
0.236680 -0.160871 
0.231691 -0.153195 
0.226703 -0.145717 
0.221716 -0.138530 
0.216730 -0.132032 
0.211745 -0.124840 
0.206761 -0.117053 
0.201779 -0.109074 
0.196797 -0.100099 
0.191818 -0.090824 
0.186840 -0.081544 
0.181863 -0.073263 
0.176887 -0.064863 
0.171913 -0.056756 
0.166941 -0.048940 
0.161970 -0.041417 
0.157001 -0.033298 
0.152034 -0.024879 
0.147070 -0.015566 
0.142108 -0.004932 
0.137149 0.005282 
0.132192 0.016230 
0.127239 0.026457 
0.122288 0.037720 
0.117341 0.049291 
0.112397 0.061468 
0.107458 0.074696 
0.102523 0.088239 
0.097593 0.101648 
0.092668 0.117469 
0.087839 0.133756 
0.083184 0.151422 
0.078692 0.169885 
0.074351 0.186420 
0.070152 0.203027 
0.066086 0.217696 
0.062146 0.234249 
0.058326 0.250967 
0.054621 0.270801 
0.051024 0.292509 
0.047532 0.315192 
0.044140 0.338741 
0.040842 0.363777 
0.037635 0.384817 
0.034516 0.412060 
0.031481 0.440222 
0.028533 0.473223 
0.025671 0.510305 
0.022891 0.548411 
0.020192 0.589237 
0.017573 0.631151 
0.015040 0.681345 
0.012602 0.734474 
0.010275 0.788872 
0.008081 0.851887 
0.006019 0.929316 
0.004080 1.040193 
0.002387 1.154191 
0.001112 1.213485 
0.000258 1.132929 
0.000011 0.866196 
0.000476 0.462464 
0.001526 0.035442 
0.003018 -0.317303 
0.004814 -0.553446 
0.006774 -0.694617 
0.008865 -0.785069 
0.011098 -0.859407 
0.013461 -0.927271 
0.015933 -0.983846 
0.018501 -1.026639 
0.021158 -1.055502 
0.023899 -1.073994 
0.026723 -1.084774 
0.029629 -1.089784 
0.032619 -1.091050 
0.035692 -1.089200 
0.038850 -1.085881 
0.042095 -1.080990 
0.045431 -1.075077 
0.048863 -1.069060 
0.052393 -1.062191 
0.056028 -1.054181 
0.059772 -1.043990 
0.063630 -1.033566 
0.067610 -1.022642 
0.071718 -1.013193 
0.075963 -1.004576 
0.080353 -0.997841 
0.084899 -0.992139 
0.089610 -0.987002 
0.094488 -0.983382 
0.099412 -0.979758 
0.104341 -0.976605 
0.109275 -0.973161 
0.114212 -0.970189 
0.119153 -0.967793 
0.124097 -0.966262 
0.129045 -0.966941 
0.133995 -0.969065 
0.138949 -0.973214 
0.143906 -0.979100 
0.148866 -0.985750 
0.153829 -0.991352 
0.158795 -0.996268 
0.163763 -0.998693 
0.168733 -1.000139 
0.173704 -0.999962 
0.178676 -0.999673 
0.183650 -0.998627 
0.188625 -0.997581 
0.193601 -0.997291 
0.198579 -0.996824 
0.203557 -0.996824 
0.208537 -0.996647 
0.213517 -0.996647 
0.218499 -0.996936 
0.223481 -0.997339 
0.228464 -0.999367 
0.233448 -1.003134 
0.238433 -1.008350 
0.243420 -1.014724 
0.248408 -1.021679 
0.253397 -1.028633 
0.258387 -1.035008 
0.263378 -1.041093 
0.268370 -1.046019 
0.273363 -1.049786 
0.278357 -1.052683 
0.283351 -1.054712 
0.288346 -1.055581 
0.293341 -1.056161 
0.298337 -1.056450 
0.303334 -1.056000 
0.308330 -1.056290 
0.313328 -1.056580 
0.318325 -1.056869 
0.323323 -1.056999 
0.328322 -1.057869 
0.333321 -1.058739 
0.338320 -1.059318 
0.343319 -1.060188 
0.348319 -1.061058 
0.353319 -1.061769 
0.358320 -1.062929 
0.363321 -1.064669 
0.368322 -1.066699 
0.373323 -1.068729 
0.378325 -1.071049 
0.383327 -1.073369 
0.388329 -1.075689 
0.393331 -1.077719 
0.398334 -1.079749 
0.403336 -1.081489 
0.408339 -1.083229 
0.413342 -1.084969 
0.418344 -1.086709 
0.423347 -1.088739 
0.428350 -1.090920 
0.433353 -1.092660 
0.438356 -1.094979 
0.443359 -1.098317 
0.448363 -1.102233 
0.453366 -1.106147 
0.458368 -1.109770 
0.463371 -1.112668 
0.468374 -1.113393 
0.473377 -1.111803 
0.478379 -1.107612 
0.483381 -1.099225 
0.488384 -1.085189 
0.493385 -1.063752 
0.498387 -1.032812 
0.503388 -0.990877 
0.508390 -0.937672 
0.513390 -0.875004 
0.518390 -0.807077 
0.523390 -0.742061 
0.528390 -0.687579 
0.533389 -0.649849 
0.538388 -0.628756 
0.543386 -0.619362 
0.548383 -0.616096 
0.553380 -0.612244 
0.558375 -0.606019 
0.563371 -0.597724 
0.568365 -0.587699 
0.578345 -0.570620 
0.583329 -0.562976 
0.588313 -0.555346 
0.593297 -0.548600 
0.598280 -0.542444 
0.603262 -0.536584 
0.608243 -0.529850 
0.613222 -0.522235 
0.618201 -0.514335 
0.623179 -0.505844 
0.628157 -0.497352 
0.633133 -0.489154 
0.638108 -0.481248 
0.643083 -0.473635 
0.648058 -0.466022 
0.653031 -0.457800 
0.658004 -0.449892 
0.662974 -0.442278 
0.667943 -0.434663 
0.672909 -0.425258 
0.677874 -0.414418 
0.682837 -0.401235 
0.687801 -0.387131 
0.692766 -0.375116 
0.697733 -0.365691 
0.702699 -0.359828 
0.707666 -0.356018 
0.712629 -0.351276 
0.717590 -0.345999 
0.722547 -0.337789 
0.727502 -0.326940 
0.732458 -0.313392 
0.737414 -0.300487 
0.742372 -0.289275 
0.747330 -0.281941 
0.752289 -0.276953 
0.757245 -0.272260 
0.762198 -0.265732 
0.767149 -0.257222 
0.772098 -0.246952 
0.777046 -0.236388 
0.781994 -0.226117 
0.786941 -0.216347 
0.791888 -0.208128 
0.796834 -0.199616 
0.801779 -0.190810 
0.806722 -0.181124 
0.811664 -0.171731 
0.816605 -0.162237 
0.821545 -0.153429 
0.826484 -0.144327 
0.831421 -0.134932 
0.836358 -0.124949 
0.841294 -0.115260 
0.846230 -0.105162 
0.851164 -0.096351 
0.856098 -0.087834 
0.861030 -0.079317 
0.865961 -0.069794 
0.870891 -0.060393 
0.875820 -0.050405 
0.880748 -0.040417 
0.885674 -0.030000 
0.890600 -0.021184 
0.895525 -0.012369 
0.900448 -0.003848 
0.905321 0.005701 
0.910026 0.014519 
0.914567 0.022749 
0.918955 0.030978 
0.923201 0.039069 
0.927313 0.045831 
0.931299 0.052593 
0.935165 0.059514 
0.938920 0.065984 
0.942571 0.071866 
0.946122 0.078500 
0.949579 0.083501 
0.952947 0.089257 
0.956229 0.093670 
0.959431 0.098547 
0.962556 0.103426 
0.965608 0.107719 
0.968591 0.111424 
0.971506 0.115131 
0.974357 0.119011 
0.977146 0.121837 
0.979877 0.124542 
0.982553 0.126363 
0.985174 0.128479 
0.987743 0.132960 
0.990261 0.141758 
0.992731 0.148319 
0.995177 0.140674 
0.997621 0.116857 
0.997621 0.116857 
