446
1.000000 0.000000 
0.997502 0.000095 
0.995005 0.000237 
0.992507 0.000373 
0.989984 0.000499 
0.987413 0.000613 
0.984790 0.000719 
0.982115 0.000819 
0.979384 0.000912 
0.976596 0.000994 
0.973748 0.001066 
0.970838 0.001129 
0.967863 0.001182 
0.964819 0.001224 
0.961705 0.001252 
0.958516 0.001264 
0.955249 0.001262 
0.951900 0.001249 
0.948464 0.001227 
0.944939 0.001190 
0.941317 0.001136 
0.937596 0.001061 
0.933768 0.000963 
0.929827 0.000842 
0.925767 0.000699 
0.921581 0.000532 
0.917260 0.000341 
0.912795 0.000126 
0.908176 -0.000114 
0.903394 -0.000384 
0.898443 -0.000684 
0.893451 -0.001008 
0.888460 -0.001351 
0.883470 -0.001712 
0.878481 -0.002089 
0.873493 -0.002483 
0.868507 -0.002895 
0.863523 -0.003323 
0.858539 -0.003765 
0.853557 -0.004219 
0.848575 -0.004685 
0.843595 -0.005163 
0.838616 -0.005654 
0.833639 -0.006159 
0.828663 -0.006678 
0.823688 -0.007210 
0.818715 -0.007753 
0.813742 -0.008305 
0.808771 -0.008867 
0.803800 -0.009437 
0.798831 -0.010015 
0.793862 -0.010601 
0.788894 -0.011195 
0.783928 -0.011798 
0.778963 -0.012412 
0.773999 -0.013037 
0.769036 -0.013672 
0.764075 -0.014316 
0.759114 -0.014967 
0.754154 -0.015624 
0.749196 -0.016287 
0.744237 -0.016955 
0.739280 -0.017630 
0.734323 -0.018309 
0.729367 -0.018995 
0.724412 -0.019686 
0.719458 -0.020380 
0.714503 -0.021078 
0.709550 -0.021778 
0.704596 -0.022482 
0.699643 -0.023188 
0.694691 -0.023898 
0.689739 -0.024611 
0.684788 -0.025328 
0.679837 -0.026047 
0.674885 -0.026767 
0.669934 -0.027485 
0.664983 -0.028201 
0.660031 -0.028917 
0.655080 -0.029636 
0.650130 -0.030360 
0.645181 -0.031094 
0.640233 -0.031838 
0.635287 -0.032586 
0.630339 -0.033331 
0.625390 -0.034065 
0.620439 -0.034780 
0.615484 -0.035473 
0.610527 -0.036152 
0.605569 -0.036822 
0.600611 -0.037492 
0.595654 -0.038169 
0.590698 -0.038855 
0.585743 -0.039547 
0.580788 -0.040239 
0.575833 -0.040929 
0.570877 -0.041611 
0.565919 -0.042283 
0.560960 -0.042948 
0.556001 -0.043605 
0.551040 -0.044256 
0.546079 -0.044900 
0.541117 -0.045539 
0.536153 -0.046170 
0.531189 -0.046792 
0.526224 -0.047404 
0.521257 -0.048005 
0.516289 -0.048594 
0.511319 -0.049171 
0.506348 -0.049736 
0.501376 -0.050289 
0.496402 -0.050830 
0.491427 -0.051360 
0.486451 -0.051876 
0.481473 -0.052380 
0.476494 -0.052871 
0.471514 -0.053348 
0.466532 -0.053811 
0.461549 -0.054258 
0.456565 -0.054689 
0.451579 -0.055102 
0.446591 -0.055497 
0.441603 -0.055873 
0.436612 -0.056230 
0.431621 -0.056569 
0.426628 -0.056890 
0.421634 -0.057193 
0.416639 -0.057477 
0.411643 -0.057740 
0.406646 -0.057983 
0.401648 -0.058204 
0.396649 -0.058402 
0.391649 -0.058577 
0.386648 -0.058729 
0.381646 -0.058859 
0.376645 -0.058968 
0.371642 -0.059055 
0.366640 -0.059120 
0.361637 -0.059164 
0.356634 -0.059187 
0.351631 -0.059189 
0.346628 -0.059171 
0.341625 -0.059133 
0.336622 -0.059076 
0.331620 -0.059001 
0.326617 -0.058908 
0.321616 -0.058798 
0.316614 -0.058670 
0.311613 -0.058524 
0.306613 -0.058361 
0.301613 -0.058181 
0.296614 -0.057984 
0.291615 -0.057773 
0.286617 -0.057548 
0.281620 -0.057311 
0.276623 -0.057060 
0.271627 -0.056796 
0.266632 -0.056516 
0.261638 -0.056220 
0.256644 -0.055909 
0.251652 -0.055582 
0.246660 -0.055241 
0.241670 -0.054888 
0.236680 -0.054523 
0.231691 -0.054147 
0.226703 -0.053759 
0.221716 -0.053360 
0.216730 -0.052949 
0.211745 -0.052526 
0.206761 -0.052088 
0.201779 -0.051636 
0.196797 -0.051167 
0.191818 -0.050683 
0.186840 -0.050184 
0.181863 -0.049673 
0.176887 -0.049148 
0.171913 -0.048610 
0.166941 -0.048058 
0.161970 -0.047492 
0.157001 -0.046909 
0.152034 -0.046308 
0.147070 -0.045689 
0.142108 -0.045049 
0.137149 -0.044387 
0.132192 -0.043706 
0.127239 -0.043004 
0.122288 -0.042282 
0.117341 -0.041537 
0.112397 -0.040768 
0.107458 -0.039972 
0.102523 -0.039149 
0.097593 -0.038299 
0.092668 -0.037419 
0.087839 -0.036524 
0.083184 -0.035628 
0.078692 -0.034730 
0.074351 -0.033832 
0.070152 -0.032937 
0.066086 -0.032044 
0.062146 -0.031150 
0.058326 -0.030249 
0.054621 -0.029338 
0.051024 -0.028415 
0.047532 -0.027479 
0.044140 -0.026529 
0.040842 -0.025565 
0.037635 -0.024588 
0.034516 -0.023599 
0.031481 -0.022588 
0.028533 -0.021548 
0.025671 -0.020474 
0.022891 -0.019366 
0.020192 -0.018228 
0.017573 -0.017053 
0.015040 -0.015830 
0.012602 -0.014540 
0.010275 -0.013160 
0.008081 -0.011667 
0.006019 -0.010073 
0.004080 -0.008404 
0.002387 -0.006549 
0.001112 -0.004401 
0.000258 -0.002054 
0.000011 0.000426 
0.000476 0.002876 
0.001526 0.005141 
0.003018 0.007145 
0.004814 0.008923 
0.006774 0.010593 
0.008865 0.012176 
0.011098 0.013643 
0.013461 0.014997 
0.015933 0.016262 
0.018501 0.017458 
0.021158 0.018597 
0.023899 0.019691 
0.026723 0.020745 
0.029629 0.021767 
0.032619 0.022759 
0.035692 0.023730 
0.038850 0.024685 
0.042095 0.025629 
0.045431 0.026563 
0.048863 0.027486 
0.052393 0.028401 
0.056028 0.029310 
0.059772 0.030215 
0.063630 0.031118 
0.067610 0.032022 
0.071718 0.032926 
0.075963 0.033830 
0.080353 0.034736 
0.084899 0.035644 
0.089610 0.036553 
0.094488 0.037463 
0.099412 0.038350 
0.104341 0.039208 
0.109275 0.040039 
0.114212 0.040847 
0.119153 0.041632 
0.124097 0.042396 
0.129045 0.043140 
0.133995 0.043863 
0.138949 0.044564 
0.143906 0.045242 
0.148866 0.045895 
0.153829 0.046525 
0.158795 0.047134 
0.163763 0.047726 
0.168733 0.048304 
0.173704 0.048869 
0.178676 0.049421 
0.183650 0.049962 
0.188625 0.050490 
0.193601 0.051008 
0.198579 0.051514 
0.203557 0.052009 
0.208537 0.052492 
0.213517 0.052966 
0.218499 0.053430 
0.223481 0.053885 
0.228464 0.054332 
0.233448 0.054767 
0.238433 0.055190 
0.243420 0.055598 
0.248408 0.055989 
0.253397 0.056364 
0.258387 0.056723 
0.263378 0.057068 
0.268370 0.057398 
0.273363 0.057715 
0.278357 0.058020 
0.283351 0.058315 
0.288346 0.058600 
0.293341 0.058877 
0.298337 0.059145 
0.303334 0.059404 
0.308330 0.059654 
0.313328 0.059895 
0.318325 0.060128 
0.323323 0.060351 
0.328322 0.060566 
0.333321 0.060771 
0.338320 0.060967 
0.343319 0.061154 
0.348319 0.061332 
0.353319 0.061500 
0.358320 0.061659 
0.363321 0.061808 
0.368322 0.061947 
0.373323 0.062077 
0.378325 0.062196 
0.383327 0.062305 
0.388329 0.062404 
0.393331 0.062492 
0.398334 0.062572 
0.403336 0.062642 
0.408339 0.062702 
0.413342 0.062754 
0.418344 0.062797 
0.423347 0.062832 
0.428350 0.062858 
0.433353 0.062876 
0.438356 0.062885 
0.443359 0.062883 
0.448363 0.062871 
0.453366 0.062847 
0.458368 0.062811 
0.463371 0.062765 
0.468374 0.062708 
0.473377 0.062641 
0.478379 0.062565 
0.483381 0.062480 
0.488384 0.062384 
0.493385 0.062278 
0.498387 0.062161 
0.503388 0.062031 
0.508390 0.061888 
0.513390 0.061734 
0.518390 0.061568 
0.523390 0.061392 
0.528390 0.061205 
0.533389 0.061006 
0.538388 0.060796 
0.543386 0.060571 
0.548383 0.060331 
0.553380 0.060076 
0.558375 0.059806 
0.563371 0.059527 
0.568365 0.059240 
0.578345 0.058627 
0.583329 0.058300 
0.588313 0.057969 
0.593297 0.057628 
0.598280 0.057277 
0.603262 0.056912 
0.608243 0.056535 
0.613222 0.056144 
0.618201 0.055742 
0.623179 0.055328 
0.628157 0.054904 
0.633133 0.054470 
0.638108 0.054028 
0.643083 0.053578 
0.648058 0.053122 
0.653031 0.052657 
0.658004 0.052180 
0.662974 0.051687 
0.667943 0.051174 
0.672909 0.050637 
0.677874 0.050083 
0.682837 0.049522 
0.687801 0.048962 
0.692766 0.048414 
0.697733 0.047880 
0.702699 0.047350 
0.707666 0.046812 
0.712629 0.046254 
0.717590 0.045665 
0.722547 0.045050 
0.727502 0.044421 
0.732458 0.043789 
0.737414 0.043167 
0.742372 0.042558 
0.747330 0.041955 
0.752289 0.041348 
0.757245 0.040725 
0.762198 0.040080 
0.767149 0.039415 
0.772098 0.038737 
0.777046 0.038052 
0.781994 0.037365 
0.786941 0.036676 
0.791888 0.035984 
0.796834 0.035285 
0.801779 0.034577 
0.806722 0.033860 
0.811664 0.033133 
0.816605 0.032399 
0.821545 0.031657 
0.826484 0.030907 
0.831421 0.030152 
0.836358 0.029391 
0.841294 0.028625 
0.846230 0.027854 
0.851164 0.027078 
0.856098 0.026295 
0.861030 0.025504 
0.865961 0.024707 
0.870891 0.023903 
0.875820 0.023092 
0.880748 0.022274 
0.885674 0.021450 
0.890600 0.020620 
0.895525 0.019783 
0.900448 0.018939 
0.905321 0.018095 
0.910026 0.017274 
0.914567 0.016477 
0.918955 0.015702 
0.923201 0.014948 
0.927313 0.014210 
0.931299 0.013486 
0.935165 0.012774 
0.938920 0.012079 
0.942571 0.011401 
0.946122 0.010740 
0.949579 0.010095 
0.952947 0.009461 
0.956229 0.008839 
0.959431 0.008229 
0.962556 0.007633 
0.965608 0.007051 
0.968591 0.006480 
0.971506 0.005917 
0.974357 0.005360 
0.977146 0.004811 
0.979877 0.004273 
0.982553 0.003747 
0.985174 0.003229 
0.987743 0.002715 
0.990261 0.002206 
0.992731 0.001704 
0.995177 0.001197 
0.997621 0.000684 
0.997621 0.000684 
