       2
clean
David Naumann
Noelem NoNodes NoBound
    1748     923      98
Connectivities
       1       45       46       99
       2       99       46      100
       3      100       46       47
       4       99      100      101
       5      101      100      102
       6      102      100      103
       7      103      100       47
       8       45       99      104
       9      104       99      105
      10      105       99      101
      11      105      101      106
      12       45      104       44
      13       21       22      107
      14      107       22      108
      15      108       22       23
      16      107      108      109
      17      109      108      110
      18      110      108      111
      19      111      108       23
      20       21      107      112
      21      112      107      113
      22      113      107      109
      23      113      109      114
      24       21      112       20
      25       49       50      115
      26      115       50      116
      27      116       50        1
      28       49      115      117
      29      117      115      118
      30      118      115      119
      31      119      115      116
      32      119      116      120
      33      120      116      121
      34      121      116        1
      35      121        1        3
      36       49      117       48
      37       25       26      122
      38      122       26      123
      39      123       26        2
      40       25      122      124
      41      124      122      125
      42      125      122      126
      43      126      122      123
      44      126      123      127
      45      127      123      128
      46      128      123        2
      47      128        2       27
      48       25      124       24
      49       41       42      129
      50      129       42      130
      51      130       42       43
      52       41      129      131
      53      131      129      132
      54      132      129      133
      55      133      129      130
      56      133      130      134
      57      134      130      135
      58      135      130       43
      59      135       43       44
      60       41      131       40
      61       17       18      136
      62      136       18      137
      63      137       18       19
      64       17      136      138
      65      138      136      139
      66      139      136      140
      67      140      136      137
      68      140      137      141
      69      141      137      142
      70      142      137       19
      71      142       19       20
      72       17      138       16
      73       39       40      143
      74      143       40      131
      75       39      143      144
      76      144      143      145
      77      145      143      146
      78      146      143      131
      79       39      144       38
      80       15       16      147
      81      147       16      138
      82       15      147      148
      83      148      147      149
      84      149      147      150
      85      150      147      138
      86       15      148       14
      87       34       35      151
      88      151       35      152
      89      152       35       36
      90       34      151      153
      91      153      151      154
      92      154      151      155
      93      155      151      152
      94      155      152      156
      95      156      152      157
      96      157      152       36
      97      157       36       37
      98       34      153       33
      99       10       11      158
     100      158       11      159
     101      159       11       12
     102       10      158      160
     103      160      158      161
     104      161      158      162
     105      162      158      159
     106      162      159      163
     107      163      159      164
     108      164      159       12
     109      164       12       13
     110       10      160        9
     111       37       38      165
     112      165       38      144
     113       37      165      157
     114       13       14      166
     115      166       14      148
     116       13      166      164
     117       30       31      167
     118      167       31      168
     119      168       31       32
     120       30      167      169
     121      169      167      170
     122      170      167      171
     123      171      167      168
     124      171      168      172
     125      172      168      173
     126      173      168       32
     127      173       32       33
     128       30      169       29
     129        6        7      174
     130      174        7      175
     131      175        7        8
     132        6      174      176
     133      176      174      177
     134      177      174      178
     135      178      174      175
     136      178      175      179
     137      179      175      180
     138      180      175        8
     139      180        8        9
     140        6      176        5
     141       28       29      181
     142      181       29      169
     143       28      181      182
     144      182      181      183
     145      183      181      184
     146      184      181      169
     147       28      182       27
     148        4        5      185
     149      185        5      176
     150        4      185      186
     151      186      185      187
     152      187      185      188
     153      188      185      176
     154        4      186        3
     155       47       48      103
     156       23       24      111
     157      187      188      189
     158      189      188      190
     159      190      188      177
     160      183      184      191
     161      191      184      192
     162      192      184      170
     163      186      187      193
     164      193      187      194
     165      194      187      189
     166      194      189      195
     167      182      183      196
     168      196      183      197
     169      197      183      191
     170      197      191      198
     171      176      177      188
     172      169      170      184
     173      196      197      199
     174      199      197      200
     175      177      178      201
     176      201      178      202
     177      202      178      179
     178      202      179      203
     179      203      179      204
     180      204      179      180
     181      204      180      160
     182      170      171      205
     183      205      171      206
     184      206      171      172
     185      206      172      207
     186      207      172      208
     187      208      172      173
     188      208      173      153
     189      161      162      209
     190      209      162      210
     191      210      162      163
     192      210      163      211
     193      211      163      212
     194      212      163      164
     195      212      164      166
     196      160      161      204
     197      154      155      213
     198      213      155      214
     199      214      155      156
     200      214      156      215
     201      215      156      216
     202      216      156      157
     203      216      157      165
     204      153      154      208
     205      149      150      217
     206      217      150      218
     207      218      150      139
     208      145      146      219
     209      219      146      220
     210      220      146      132
     211      148      149      221
     212      221      149      222
     213      222      149      217
     214      222      217      223
     215      144      145      224
     216      224      145      225
     217      225      145      219
     218      225      219      226
     219      139      140      227
     220      227      140      228
     221      228      140      141
     222      228      141      229
     223      229      141      230
     224      230      141      142
     225      230      142      112
     226      132      133      231
     227      231      133      232
     228      232      133      134
     229      232      134      233
     230      233      134      234
     231      234      134      135
     232      234      135      104
     233      138      139      150
     234      131      132      146
     235      233      234      235
     236      235      234      105
     237      112      113      230
     238      104      105      234
     239      124      125      236
     240      236      125      237
     241      237      125      238
     242      238      125      126
     243      238      126      239
     244      239      126      127
     245      239      127      199
     246      117      118      240
     247      240      118      241
     248      241      118      242
     249      242      118      119
     250      242      119      243
     251      243      119      120
     252      243      120      244
     253      244      120      193
     254      109      110      245
     255      245      110      246
     256      246      110      236
     257      101      102      247
     258      247      102      248
     259      248      102      240
     260      117      240      103
     261      124      236      111
     262      110      111      236
     263      102      103      240
     264      127      128      196
     265      120      121      193
     266      144      224      165
     267      148      221      166
     268      182      196      128
     269      186      193      121
     270       24      124      111
     271       48      117      103
     272       20      112      142
     273      247      248      249
     274       44      104      135
     275        9      160      180
     276      101      247      106
     277      106      247      250
     278       33      153      173
     279        3      186      121
     280       27      182      128
     281      245      246      251
     282      191      192      252
     283      252      192      253
     284      253      192      205
     285      189      190      254
     286      254      190      255
     287      255      190      201
     288      170      205      192
     289      177      201      190
     290      254      255      256
     291      205      206      257
     292      257      206      258
     293      258      206      207
     294      258      207      259
     295      201      202      260
     296      260      202      261
     297      261      202      203
     298      261      203      262
     299      213      214      263
     300      263      214      264
     301      264      214      215
     302      264      215      265
     303      209      210      266
     304      266      210      267
     305      267      210      211
     306      267      211      268
     307      154      213      269
     308      269      213      270
     309      270      213      263
     310      270      263      271
     311      161      209      272
     312      272      209      273
     313      273      209      266
     314      273      266      274
     315      219      220      275
     316      275      220      276
     317      276      220      231
     318      217      218      277
     319      277      218      278
     320      278      218      227
     321      231      232      279
     322      279      232      280
     323      280      232      233
     324      280      233      281
     325      227      228      282
     326      282      228      283
     327      283      228      229
     328      283      229      284
     329      132      231      220
     330      139      227      218
     331      282      283      285
     332      242      243      286
     333      286      243      287
     334      287      243      244
     335      287      244      288
     336      288      244      194
     337      238      239      289
     338      289      239      290
     339      290      239      199
     340      193      194      244
     341      289      290      291
     342      161      272      204
     343      154      269      208
     344      224      225      292
     345      292      225      293
     346      293      225      226
     347      293      226      294
     348      221      222      295
     349      295      222      296
     350      296      222      223
     351      296      223      297
     352      240      241      298
     353      298      241      299
     354      299      241      300
     355      300      241      242
     356      300      242      286
     357      300      286      301
     358      236      237      302
     359      302      237      303
     360      303      237      304
     361      304      237      238
     362      304      238      289
     363      304      289      305
     364      113      114      306
     365      306      114      307
     366      307      114      308
     367      308      114      245
     368      245      114      109
     369      308      245      251
     370      308      251      309
     371      113      306      230
     372      105      106      235
     373      215      216      310
     374      224      292      216
     375      211      212      311
     376      221      295      212
     377      207      208      269
     378      203      204      272
     379      229      230      306
     380      236      302      246
     381      246      302      312
     382      312      302      303
     383      312      303      313
     384      240      298      248
     385      248      298      314
     386      314      298      299
     387      314      299      315
     388      212      295      311
     389      311      295      316
     390      316      295      296
     391      316      296      317
     392      216      292      310
     393      310      292      318
     394      318      292      293
     395      318      293      319
     396      196      199      127
     397      211      311      268
     398      268      311      316
     399      268      316      320
     400      215      310      265
     401      265      310      318
     402      265      318      321
     403      233      235      281
     404      281      235      322
     405      322      235      106
     406      286      287      323
     407      201      260      255
     408      205      257      253
     409      260      261      324
     410      257      258      325
     411      189      254      195
     412      195      254      326
     413      191      252      198
     414      198      252      327
     415      252      253      328
     416      266      267      329
     417      263      264      330
     418      277      278      331
     419      275      276      332
     420      217      277      223
     421      223      277      333
     422      219      275      226
     423      226      275      334
     424      227      282      278
     425      231      279      276
     426      279      280      335
     427      194      195      288
     428      197      198      200
     429      200      198      336
     430      272      273      262
     431      269      270      259
     432      306      307      284
     433      250      247      249
     434      250      249      337
     435      106      250      322
     436      307      308      338
     437      287      288      339
     438      339      288      340
     439      251      246      312
     440      251      312      341
     441      249      248      314
     442      249      314      342
     443      303      304      343
     444      343      304      305
     445      343      305      344
     446      299      300      345
     447      345      300      301
     448      345      301      346
     449      199      200      290
     450      262      203      272
     451      259      207      269
     452      299      345      315
     453      315      345      347
     454      261      262      348
     455      348      262      349
     456      258      259      350
     457      350      259      351
     458      267      268      352
     459      352      268      320
     460      352      320      353
     461      264      265      354
     462      354      265      321
     463      354      321      355
     464      284      229      306
     465      280      281      356
     466      356      281      357
     467      283      284      358
     468      358      284      359
     469      281      322      357
     470      357      322      360
     471      165      224      216
     472      357      360      361
     473      166      221      212
     474      286      323      301
     475      301      323      362
     476      289      291      305
     477      305      291      363
     478      291      290      364
     479      364      290      200
     480      323      287      339
     481      323      339      365
     482      291      364      366
     483      252      328      327
     484      327      328      367
     485      328      253      368
     486      368      253      257
     487      254      256      326
     488      326      256      369
     489      256      255      370
     490      370      255      260
     491      256      370      371
     492      328      368      372
     493      258      350      325
     494      325      350      373
     495      261      348      324
     496      324      348      374
     497      257      325      368
     498      260      324      370
     499      263      330      271
     500      271      330      375
     501      266      329      274
     502      274      329      376
     503      330      264      354
     504      330      354      377
     505      329      267      352
     506      329      352      378
     507      332      276      379
     508      379      276      279
     509      331      278      380
     510      380      278      282
     511      275      332      334
     512      334      332      381
     513      277      331      333
     514      333      331      382
     515      331      380      383
     516      332      379      384
     517      283      358      285
     518      285      358      385
     519      280      356      335
     520      335      356      386
     521      279      335      379
     522      282      285      380
     523      198      327      336
     524      336      327      387
     525      195      326      388
     526      388      326      389
     527      273      274      390
     528      390      274      391
     529      270      271      392
     530      392      271      393
     531      226      334      294
     532      294      334      394
     533      223      333      297
     534      297      333      395
     535      270      392      259
     536      273      390      262
     537      303      343      313
     538      313      343      396
     539      307      338      359
     540      338      308      309
     541      338      309      397
     542      200      336      364
     543      195      388      288
     544      296      297      317
     545      317      297      398
     546      293      294      319
     547      319      294      399
     548      340      288      388
     549      340      388      400
     550      339      340      401
     551      351      259      392
     552      351      392      402
     553      349      262      390
     554      349      390      403
     555      350      351      404
     556      348      349      405
     557      320      316      317
     558      321      318      319
     559      358      359      406
     560      356      357      407
     561      359      284      307
     562      309      251      341
     563      309      341      408
     564      337      249      342
     565      337      342      409
     566      250      337      360
     567      342      314      315
     568      341      312      313
     569      360      322      250
     570      291      366      363
     571      363      366      410
     572      366      364      411
     573      411      364      336
     574      366      411      412
     575      328      372      367
     576      367      372      413
     577      256      371      369
     578      369      371      414
     579      371      370      415
     580      415      370      324
     581      371      415      416
     582      372      368      417
     583      417      368      325
     584      372      417      418
     585      332      384      381
     586      381      384      419
     587      331      383      382
     588      382      383      420
     589      383      380      421
     590      421      380      285
     591      383      421      422
     592      384      379      423
     593      423      379      335
     594      384      423      424
     595      323      365      362
     596      362      365      425
     597      365      339      401
     598      365      401      426
     599      305      363      344
     600      344      363      427
     601      301      362      346
     602      346      362      428
     603      326      369      389
     604      389      369      429
     605      327      367      387
     606      387      367      430
     607      373      350      404
     608      373      404      431
     609      374      348      405
     610      374      405      432
     611      324      374      415
     612      325      373      417
     613      329      378      376
     614      376      378      433
     615      330      377      375
     616      375      377      434
     617      378      352      353
     618      378      353      435
     619      377      354      355
     620      377      355      436
     621      274      376      391
     622      391      376      437
     623      271      375      393
     624      393      375      438
     625      333      382      395
     626      395      382      439
     627      334      381      394
     628      394      381      440
     629      335      386      423
     630      285      385      421
     631      385      358      406
     632      385      406      441
     633      386      356      407
     634      386      407      442
     635      401      340      400
     636      401      400      443
     637      404      351      402
     638      404      402      444
     639      405      349      403
     640      405      403      445
     641      353      320      446
     642      446      320      317
     643      355      321      447
     644      447      321      319
     645      406      359      448
     646      448      359      338
     647      407      357      361
     648      407      361      449
     649      392      393      402
     650      402      393      450
     651      390      391      403
     652      403      391      451
     653      343      344      396
     654      396      344      452
     655      345      346      347
     656      347      346      453
     657      336      387      411
     658      388      389      400
     659      400      389      454
     660      297      395      398
     661      398      395      455
     662      294      394      399
     663      399      394      456
     664      338      397      448
     665      397      309      408
     666      397      408      457
     667      313      396      458
     668      458      396      459
     669      315      347      460
     670      460      347      461
     671      319      399      447
     672      317      398      446
     673      361      360      462
     674      462      360      337
     675      406      448      463
     676      408      341      458
     677      409      342      460
     678      337      409      462
     679      355      447      464
     680      353      446      465
     681      315      460      342
     682      313      458      341
     683      361      462      466
     684      412      411      467
     685      467      411      387
     686      366      412      410
     687      410      412      468
     688      412      467      469
     689      372      418      413
     690      413      418      470
     691      371      416      414
     692      414      416      471
     693      418      417      472
     694      472      417      373
     695      472      373      431
     696      418      472      473
     697      416      415      474
     698      474      415      374
     699      474      374      432
     700      416      474      475
     701      424      423      476
     702      476      423      386
     703      476      386      442
     704      422      421      477
     705      477      421      385
     706      477      385      441
     707      384      424      419
     708      419      424      478
     709      383      422      420
     710      420      422      479
     711      422      477      480
     712      424      476      481
     713      363      410      427
     714      427      410      482
     715      369      414      429
     716      429      414      483
     717      367      413      430
     718      430      413      484
     719      382      420      439
     720      439      420      485
     721      381      419      440
     722      440      419      486
     723      346      428      453
     724      453      428      487
     725      344      427      452
     726      452      427      488
     727      428      362      425
     728      428      425      489
     729      425      365      426
     730      425      426      490
     731      393      438      450
     732      450      438      491
     733      391      437      451
     734      451      437      492
     735      438      375      434
     736      438      434      491
     737      437      376      433
     738      437      433      492
     739      433      378      435
     740      433      435      493
     741      434      377      436
     742      434      436      494
     743      387      430      467
     744      389      429      454
     745      454      429      495
     746      394      440      456
     747      456      440      496
     748      395      439      455
     749      455      439      497
     750      426      401      443
     751      426      443      498
     752      432      405      445
     753      432      445      499
     754      431      404      444
     755      431      444      500
     756      436      355      464
     757      436      464      501
     758      435      353      465
     759      435      465      502
     760      441      406      463
     761      441      463      503
     762      442      407      449
     763      442      449      504
     764      403      451      445
     765      445      451      505
     766      402      450      444
     767      444      450      506
     768      400      454      443
     769      443      454      507
     770      347      453      461
     771      461      453      508
     772      396      452      459
     773      459      452      509
     774      399      456      510
     775      510      456      511
     776      398      455      512
     777      512      455      513
     778      449      361      466
     779      449      466      514
     780      463      448      515
     781      515      448      397
     782      465      446      512
     783      464      447      510
     784      457      408      516
     785      516      408      458
     786      516      458      459
     787      397      457      515
     788      460      461      517
     789      517      461      518
     790      398      512      446
     791      399      510      447
     792      460      517      409
     793      463      515      519
     794      466      462      520
     795      409      534      462
     796      457      516      521
     797      466      520      522
     798      474      432      523
     799      523      432      499
     800      523      499      524
     801      472      431      525
     802      525      431      500
     803      525      500      526
     804      477      441      527
     805      527      441      503
     806      527      503      528
     807      476      442      529
     808      529      442      504
     809      529      504      530
     810      412      469      468
     811      468      469      531
     812      469      467      532
     813      532      467      430
     814      469      532      533
     815      409      517      534
     816      534      517      535
     817      535      517      518
     818      535      518      536
     819      462      534      520
     820      520      534      537
     821      475      474      523
     822      475      523      538
     823      473      472      525
     824      473      525      539
     825      416      475      471
     826      471      475      540
     827      418      473      470
     828      470      473      541
     829      424      481      478
     830      478      481      542
     831      422      480      479
     832      479      480      543
     833      476      529      481
     834      481      529      544
     835      477      527      480
     836      480      527      545
     837      410      468      482
     838      482      468      546
     839      414      471      483
     840      483      471      547
     841      413      470      484
     842      484      470      548
     843      420      479      485
     844      485      479      549
     845      419      478      486
     846      486      478      550
     847      494      436      501
     848      494      501      551
     849      493      435      502
     850      493      502      552
     851      434      494      491
     852      433      493      492
     853      427      482      488
     854      488      482      553
     855      520      537      522
     856      522      537      554
     857      537      534      535
     858      537      535      555
     859      429      483      495
     860      495      483      556
     861      430      484      532
     862      440      486      496
     863      496      486      557
     864      439      485      497
     865      497      485      558
     866      451      492      505
     867      505      492      559
     868      450      491      506
     869      506      491      560
     870      454      495      507
     871      507      495      561
     872      487      428      489
     873      487      489      562
     874      452      488      509
     875      509      488      563
     876      453      487      508
     877      508      487      562
     878      489      425      490
     879      489      490      562
     880      490      426      498
     881      490      498      564
     882      455      497      513
     883      513      497      565
     884      456      496      511
     885      511      496      566
     886      498      443      507
     887      498      507      567
     888      500      444      506
     889      500      506      568
     890      499      445      505
     891      499      505      569
     892      504      449      514
     893      504      514      570
     894      503      463      519
     895      503      519      571
     896      502      465      572
     897      572      465      512
     898      572      512      513
     899      501      464      573
     900      573      464      510
     901      573      510      511
     902      459      509      574
     903      574      509      575
     904      461      508      518
     905      518      508      576
     906      519      515      577
     907      577      515      457
     908      514      466      522
     909      514      522      578
     910      501      573      579
     911      502      572      580
     912      459      574      516
     913      516      574      521
     914      457      521      577
     915      519      577      581
     916      469      533      531
     917      531      533      582
     918      533      532      583
     919      583      532      484
     920      533      583      584
     921      468      531      546
     922      546      531      585
     923      539      525      526
     924      539      526      586
     925      538      523      524
     926      538      524      587
     927      473      539      541
     928      541      539      586
     929      475      538      540
     930      540      538      587
     931      470      541      548
     932      548      541      588
     933      471      540      547
     934      547      540      589
     935      544      529      530
     936      544      530      590
     937      545      527      528
     938      545      528      591
     939      480      545      543
     940      543      545      591
     941      481      544      542
     942      542      544      590
     943      479      543      549
     944      549      543      592
     945      478      542      550
     946      550      542      593
     947      524      499      569
     948      524      569      594
     949      526      500      568
     950      526      568      595
     951      530      504      570
     952      530      570      590
     953      528      503      571
     954      528      571      591
     955      482      546      553
     956      553      546      596
     957      484      548      583
     958      483      547      556
     959      556      547      597
     960      486      550      557
     961      557      550      598
     962      485      549      558
     963      558      549      599
     964      495      556      561
     965      561      556      600
     966      488      553      563
     967      563      553      601
     968      521      574      602
     969      602      574      575
     970      602      575      603
     971      497      558      565
     972      565      558      604
     973      496      557      566
     974      566      557      605
     975      507      561      567
     976      567      561      606
     977      498      567      564
     978      564      567      607
     979      506      560      568
     980      568      560      608
     981      505      559      569
     982      569      559      609
     983      560      491      610
     984      610      491      494
     985      559      492      611
     986      611      492      493
     987      555      535      536
     988      555      536      612
     989      537      555      554
     990      554      555      613
     991      509      563      575
     992      575      563      614
     993      490      564      562
     994      580      572      615
     995      615      572      513
     996      615      513      565
     997      615      565      616
     998      579      573      617
     999      617      573      511
    1000      617      511      566
    1001      617      566      618
    1002      502      580      552
    1003      552      580      619
    1004      501      579      551
    1005      551      579      620
    1006      579      617      621
    1007      580      615      622
    1008      559      611      623
    1009      560      610      624
    1010      493      552      611
    1011      494      551      610
    1012      571      519      581
    1013      571      581      625
    1014      570      514      578
    1015      570      578      626
    1016      576      508      562
    1017      518      576      536
    1018      536      576      612
    1019      521      602      627
    1020      627      602      628
    1021      581      577      627
    1022      521      627      577
    1023      578      522      554
    1024      578      554      629
    1025      556      597      600
    1026      600      597      630
    1027      597      547      589
    1028      597      589      631
    1029      533      584      582
    1030      582      584      632
    1031      584      583      633
    1032      633      583      548
    1033      633      548      588
    1034      584      633      634
    1035      558      599      604
    1036      604      599      635
    1037      557      598      605
    1038      605      598      636
    1039      599      549      592
    1040      599      592      637
    1041      598      550      593
    1042      598      593      638
    1043      570      626      590
    1044      626      578      629
    1045      626      629      639
    1046      531      582      585
    1047      585      582      640
    1048      587      524      594
    1049      587      594      641
    1050      586      526      595
    1051      586      595      642
    1052      546      585      596
    1053      596      585      643
    1054      588      541      586
    1055      589      540      587
    1056      595      568      608
    1057      595      608      642
    1058      594      569      609
    1059      594      609      641
    1060      592      543      591
    1061      593      542      590
    1062      553      596      601
    1063      601      596      644
    1064      580      622      619
    1065      619      622      645
    1066      579      621      620
    1067      620      621      646
    1068      621      617      618
    1069      618      647      621
    1070      622      615      616
    1071      616      648      622
    1072      618      566      605
    1073      618      605      647
    1074      616      565      604
    1075      616      604      648
    1076      561      600      606
    1077      606      600      649
    1078      567      606      607
    1079      607      606      650
    1080      608      560      624
    1081      608      624      651
    1082      609      559      623
    1083      609      623      652
    1084      623      611      653
    1085      653      611      552
    1086      653      552      619
    1087      624      610      654
    1088      654      610      551
    1089      654      551      620
    1090      563      601      614
    1091      614      601      655
    1092      555      612      613
    1093      613      612      656
    1094      624      654      657
    1095      623      653      658
    1096      564      607      659
    1097      659      607      660
    1098      627      628      661
    1099      661      628      662
    1100      628      602      603
    1101      628      603      663
    1102      603      575      614
    1103      603      614      663
    1104      564      659      562
    1105      571      625      591
    1106      625      581      661
    1107      627      661      581
    1108      629      554      613
    1109      629      613      664
    1110      631      589      665
    1111      597      631      630
    1112      630      631      666
    1113      638      593      667
    1114      637      592      668
    1115      598      638      636
    1116      636      638      669
    1117      599      637      635
    1118      635      637      670
    1119      643      585      640
    1120      643      640      671
    1121      596      643      644
    1122      644      643      671
    1123      601      644      655
    1124      655      644      672
    1125      607      650      660
    1126      660      650      673
    1127      650      606      649
    1128      650      649      674
    1129      584      634      632
    1130      632      634      675
    1131      634      633      676
    1132      676      633      588
    1133      676      588      677
    1134      677      588      586
    1135      634      676      678
    1136      586      642      677
    1137      587      641      665
    1138      640      582      632
    1139      640      632      679
    1140      605      636      647
    1141      647      636      680
    1142      604      635      648
    1143      648      635      681
    1144      649      600      630
    1145      649      630      682
    1146      654      620      683
    1147      683      620      646
    1148      653      619      684
    1149      684      619      645
    1150      639      629      664
    1151      639      664      685
    1152      626      639      686
    1153      686      639      687
    1154      628      663      662
    1155      662      663      688
    1156      631      665      666
    1157      665      589      587
    1158      562      659      689
    1159      689      659      660
    1160      562      689      576
    1161      652      623      658
    1162      652      658      690
    1163      651      624      657
    1164      651      657      691
    1165      609      652      641
    1166      608      651      642
    1167      630      666      682
    1168      682      666      692
    1169      677      736      676
    1170      637      668      670
    1171      667      724      638
    1172      668      592      591
    1173      668      591      693
    1174      693      591      625
    1175      668      693      694
    1176      667      593      590
    1177      667      590      686
    1178      622      648      645
    1179      621      647      646
    1180      653      684      658
    1181      658      684      690
    1182      654      683      657
    1183      657      683      691
    1184      635      670      681
    1185      636      669      680
    1186      614      655      663
    1187      661      662      695
    1188      695      662      696
    1189      626      686      590
    1190      661      695      625
    1191      656      612      697
    1192      697      612      576
    1193      613      656      664
    1194      664      656      698
    1195      656      697      699
    1196      671      640      679
    1197      671      679      700
    1198      674      649      682
    1199      674      682      701
    1200      650      674      673
    1201      673      674      701
    1202      684      645      702
    1203      683      646      703
    1204      679      632      675
    1205      679      675      704
    1206      681      670      705
    1207      680      669      706
    1208      625      695      707
    1209      707      695      708
    1210      625      707      693
    1211      693      707      709
    1212      655      672      710
    1213      672      644      671
    1214      665      641      711
    1215      711      641      712
    1216      675      634      678
    1217      675      678      713
    1218      688      663      710
    1219      662      688      696
    1220      696      688      714
    1221      651      691      715
    1222      652      690      712
    1223      639      685      687
    1224      687      685      716
    1225      685      664      698
    1226      685      698      716
    1227      694      693      709
    1228      694      709      717
    1229      668      694      670
    1230      665      711      666
    1231      660      673      718
    1232      718      673      719
    1233      711      712      720
    1234      712      641      652
    1235      671      700      672
    1236      700      679      704
    1237      700      704      721
    1238      686      687      722
    1239      722      687      723
    1240      686      722      667
    1241      667      722      724
    1242      723      760      722
    1243      638      724      669
    1244      669      724      706
    1245      703      646      725
    1246      725      646      647
    1247      702      645      726
    1248      726      645      648
    1249      683      703      691
    1250      684      702      690
    1251      709      707      708
    1252      648      681      726
    1253      647      680      725
    1254      660      718      689
    1255      651      715      642
    1256      715      691      727
    1257      702      726      728
    1258      703      725      729
    1259      699      697      730
    1260      730      697      689
    1261      699      730      731
    1262      656      699      698
    1263      698      699      732
    1264      655      710      663
    1265      710      672      733
    1266      695      696      708
    1267      708      696      734
    1268      701      682      692
    1269      576      689      697
    1270      677      642      735
    1271      735      642      715
    1272      677      735      736
    1273      736      735      737
    1274      676      736      678
    1275      678      736      713
    1276      704      675      713
    1277      704      713      738
    1278      692      666      711
    1279      734      696      714
    1280      734      714      739
    1281      708      734      717
    1282      709      708      717
    1283      687      716      723
    1284      723      716      740
    1285      680      706      741
    1286      681      705      742
    1287      705      670      694
    1288      714      688      710
    1289      700      721      743
    1290      721      704      738
    1291      721      738      744
    1292      694      717      705
    1293      701      692      745
    1294      673      701      719
    1295      738      713      737
    1296      711      720      692
    1297      720      712      746
    1298      746      712      690
    1299      725      680      741
    1300      726      681      742
    1301      737      735      747
    1302      747      735      715
    1303      747      715      727
    1304      747      727      748
    1305      736      737      713
    1306      737      747      748
    1307      710      733      714
    1308      733      672      743
    1309      733      743      749
    1310      718      719      750
    1311      750      719      751
    1312      720      746      752
    1313      698      732      716
    1314      732      699      731
    1315      732      731      753
    1316      727      691      754
    1317      754      691      703
    1318      754      703      729
    1319      727      754      755
    1320      728      726      742
    1321      729      725      741
    1322      702      728      756
    1323      756      728      757
    1324      731      730      750
    1325      750      730      718
    1326      718      730      689
    1327      731      750      751
    1328      702      756      690
    1329      690      756      746
    1330      741      706      758
    1331      742      705      759
    1332      706      724      760
    1333      722      760      724
    1334      740      777      723
    1335      706      760      758
    1336      734      739      761
    1337      739      714      749
    1338      754      729      755
    1339      721      744      743
    1340      744      738      762
    1341      732      766      716
    1342      700      743      672
    1343      729      741      763
    1344      728      742      764
    1345      701      745      719
    1346      745      692      765
    1347      732      753      766
    1348      753      731      751
    1349      749      743      767
    1350      733      749      714
    1351      720      752      765
    1352      752      746      768
    1353      727      755      748
    1354      751      719      745
    1355      756      757      768
    1356      768      757      769
    1357      757      728      764
    1358      757      764      769
    1359      717      775      705
    1360      742      759      764
    1361      741      758      763
    1362      765      692      720
    1363      745      765      770
    1364      746      756      768
    1365      734      761      717
    1366      761      739      771
    1367      748      755      772
    1368      744      762      773
    1369      762      738      737
    1370      752      768      774
    1371      717      761      775
    1372      775      761      776
    1373      705      775      759
    1374      729      763      755
    1375      758      760      777
    1376      723      777      760
    1377      777      740      778
    1378      758      777      779
    1379      765      752      770
    1380      737      748      780
    1381      780      748      772
    1382      737      780      762
    1383      762      780      781
    1384      766      753      782
    1385      716      766      740
    1386      740      766      778
    1387      759      775      783
    1388      764      759      783
    1389      763      758      779
    1390      749      767      784
    1391      767      743      744
    1392      767      744      773
    1393      768      769      774
    1394      745      770      785
    1395      761      771      776
    1396      776      771      786
    1397      739      749      771
    1398      762      781      773
    1399      781      780      772
    1400      753      751      782
    1401      775      776      783
    1402      772      755      787
    1403      774      769      788
    1404      752      774      770
    1405      779      777      778
    1406      778      766      782
    1407      771      749      784
    1408      767      773      784
    1409      776      786      789
    1410      786      771      784
    1411      755      763      787
    1412      787      763      779
    1413      751      745      785
    1414      751      785      782
    1415      773      781      790
    1416      785      770      791
    1417      769      764      792
    1418      783      776      789
    1419      772      787      793
    1420      788      769      792
    1421      774      788      794
    1422      783      789      792
    1423      779      778      795
    1424      781      772      793
    1425      764      783      792
    1426      778      782      796
    1427      789      786      797
    1428      773      790      798
    1429      790      781      793
    1430      785      791      799
    1431      791      770      794
    1432      770      774      794
    1433      793      787      800
    1434      794      788      801
    1435      784      773      798
    1436      787      779      800
    1437      788      792      802
    1438      779      795      800
    1439      795      778      796
    1440      795      796      803
    1441      796      782      799
    1442      789      797      804
    1443      797      786      805
    1444      782      785      799
    1445      791      794      806
    1446      784      798      805
    1447      798      790      807
    1448      799      791      806
    1449      786      784      805
    1450      792      789      804
    1451      793      800      808
    1452      794      801      806
    1453      801      788      802
    1454      801      802      809
    1455      805      798      810
    1456      802      792      804
    1457      795      803      811
    1458      803      796      812
    1459      804      797      813
    1460      805      819      797
    1461      798      807      810
    1462      810      807      814
    1463      807      790      815
    1464      800      795      811
    1465      800      811      808
    1466      790      793      815
    1467      815      793      808
    1468      815      808      816
    1469      796      799      812
    1470      801      809      817
    1471      809      802      818
    1472      805      810      819
    1473      819      810      820
    1474      820      810      814
    1475      801      817      806
    1476      816      808      821
    1477      811      838      808
    1478      819      820      822
    1479      822      820      823
    1480      823      820      824
    1481      824      820      814
    1482      815      816      825
    1483      825      816      826
    1484      826      816      827
    1485      827      816      821
    1486      826      827      828
    1487      828      827      829
    1488      829      827      830
    1489      830      827      821
    1490      826      828      831
    1491      831      828      832
    1492      832      828      833
    1493      833      828      829
    1494      833      829      834
    1495      834      829      835
    1496      835      829      830
    1497      835      830      836
    1498      836      830      837
    1499      837      830      821
    1500      837      821      838
    1501      808      838      821
    1502      838      811      839
    1503      839      811      803
    1504      831      832      840
    1505      840      832      841
    1506      841      832      842
    1507      842      832      833
    1508      842      833      843
    1509      843      833      834
    1510      843      834       61
    1511       61      834       60
    1512      826      831      844
    1513      844      831      845
    1514      845      831      840
    1515      845      840       68
    1516      826      844      825
    1517      825      844      814
    1518      840      841       67
    1519      844      845      846
    1520      846      845      847
    1521      847      845       68
    1522      838      839      848
    1523      848      839      849
    1524      849      839      850
    1525      850      839      803
    1526      838      848      837
    1527      837      848      836
    1528      848      849      851
    1529      851      849      852
    1530      852      849      853
    1531      853      849      850
    1532      853      850      854
    1533      854      850      855
    1534      855      850      803
    1535      852      853      856
    1536      856      853      857
    1537      857      853      854
    1538      857      854      858
    1539      858      854      859
    1540      859      854      855
    1541      859      855      860
    1542      860      855      812
    1543      857      858      861
    1544      861      858      862
    1545      862      858      863
    1546      863      858      859
    1547      863      859      864
    1548      864      859      860
    1549      864      860      865
    1550      812      923      860
    1551      857      861      866
    1552      866      861      867
    1553      867      861      868
    1554      868      861      862
    1555      868      862       96
    1556      867      868       98
    1557      866      867       54
    1558      851      852       57
    1559      817      809      869
    1560      869      809      870
    1561      870      809      818
    1562      862      863      871
    1563      871      863      872
    1564      872      863      864
    1565      872      864      873
    1566      873      864      865
    1567      873      865      874
    1568      874      865      875
    1569      860      923      865
    1570      873      874      876
    1571      876      874      877
    1572      877      874      878
    1573      878      874      875
    1574      878      875      879
    1575      923      879      875
    1576      879      806      817
    1577      873      876       94
    1578      856      857      866
    1579      856      866       55
    1580      846      847      880
    1581      880      847       69
    1582      841      842      881
    1583      881      842       63
    1584      823      824      882
    1585      882      824      880
    1586      880      824      846
    1587      823      882      883
    1588      883      882       71
    1589      823      883      884
    1590      884      883      885
    1591      885      883       72
    1592      823      884      822
    1593      822      884      886
    1594      886      884      887
    1595      887      884      885
    1596      887      885      888
    1597      888      885       73
    1598      887      888      889
    1599      889      888      890
    1600      890      888       74
    1601      887      889      891
    1602      891      889      892
    1603      892      889      893
    1604      893      889      890
    1605      893      890       77
    1606      887      891      886
    1607      886      891      894
    1608      894      891      895
    1609      895      891      892
    1610      895      892      896
    1611      896      892       79
    1612      822      886      897
    1613      897      886      894
    1614      897      894      813
    1615      897      813      819
    1616      822      897      819
    1617      892      893       79
    1618      797      819      813
    1619      807      815      825
    1620      804      813      898
    1621      898      813      894
    1622      804      898      818
    1623      818      898      899
    1624      899      898      900
    1625      900      898      894
    1626      818      899      870
    1627      899      900      901
    1628      901      900      902
    1629      902      900      895
    1630      814      807      825
    1631      902      895      896
    1632      902      896       80
    1633      901      902       81
    1634      899      901      903
    1635      903      901      904
    1636      904      901       81
    1637      903      904      905
    1638      905      904       83
    1639      903      905      906
    1640      906      905      907
    1641      907      905       84
    1642      906      907      908
    1643      908      907      909
    1644      909      907       85
    1645      908      909      910
    1646      910      909      911
    1647      911      909      912
    1648      912      909       85
    1649      912       85       86
    1650      912       86      913
    1651      913       86       87
    1652      913       87       88
    1653      910      911      914
    1654      914      911      915
    1655      915      911      913
    1656      913      911      912
    1657      915      913       88
    1658      914      915      916
    1659      916      915       89
    1660      914      916      917
    1661      917      916       90
    1662       90      916       89
    1663      914      917      918
    1664      918      917      919
    1665      919      917      920
    1666       90       91      917
    1667      906      908      869
    1668      903      906      870
    1669      870      906      869
    1670      918      919      921
    1671      921      919      878
    1672      878      919      877
    1673      918      921      922
    1674      922      921      817
    1675      918      922      910
    1676      910      922      908
    1677      908      922      869
    1678      869      922      817
    1679      918      910      914
    1680      899      903      870
    1681      841      881       66
    1682       66      881       65
    1683       65      881       63
    1684      878      879      921
    1685      921      879      817
    1686      872      873       94
    1687      862      871       96
    1688       96      871       95
    1689       95      871      872
    1690      852      856       56
    1691      848      851      836
    1692       62      842      843
    1693      835      836       59
    1694      834      835       60
    1695      818      802      804
    1696      919      920      877
    1697      877      920       92
    1698      894      895      900
    1699      876      877       92
    1700      844      846      814
    1701      803      812      855
    1702      882      880       70
    1703       75       64       77
    1704       98       51       53
    1705       61       62      843
    1706       63      842       62
    1707       59       60      835
    1708       83       84      905
    1709       56       57      852
    1710       81       82      904
    1711      904       82       83
    1712       87       76       88
    1713       63       52       65
    1714       80       81      902
    1715       80      896       79
    1716       72       73      885
    1717       94       95      872
    1718       71       72      883
    1719       78       79      893
    1720       78      893       77
    1721       92       93      876
    1722       91       92      920
    1723       69       70      880
    1724       68       69      847
    1725       88       89      915
    1726       66       67      841
    1727       58       59      836
    1728       54       55      866
    1729       53       54      867
    1730       96       97      868
    1731      868       97       98
    1732      917       91      920
    1733       73       74      888
    1734       67       68      840
    1735       55       56      856
    1736       93       94      876
    1737       70       71      882
    1738       57       58      851
    1739       74       75      890
    1740       84       85      907
    1741      812      799      923
    1742      923      799      806
    1743      865      923      875
    1744      806      879      923
    1745      846      824      814
    1746       53      867       98
    1747      890       75       77
    1748       58      836      851
Coordinates
       1    -1.000000     0.000000
       2     1.000000     0.000000
       3    -0.992115     0.125334
       4    -0.968583     0.248690
       5    -0.929776     0.368125
       6    -0.876306     0.481756
       7    -0.809016     0.587786
       8    -0.728969     0.684547
       9    -0.637423     0.770514
      10    -0.535825     0.844330
      11    -0.425785     0.904824
      12    -0.309011     0.951059
      13    -0.187380     0.982287
      14    -0.062794     0.998027
      15     0.062802     0.998026
      16     0.187377     0.982288
      17     0.309031     0.951052
      18     0.425773     0.904830
      19     0.535828     0.844328
      20     0.637425     0.770512
      21     0.728984     0.684531
      22     0.809011     0.587794
      23     0.876289     0.481788
      24     0.929787     0.368096
      25     0.968587     0.248674
      26     0.992113     0.125349
      27     0.992115    -0.125334
      28     0.968583    -0.248690
      29     0.929776    -0.368125
      30     0.876306    -0.481756
      31     0.809016    -0.587786
      32     0.728969    -0.684547
      33     0.637423    -0.770514
      34     0.535825    -0.844330
      35     0.425785    -0.904824
      36     0.309011    -0.951059
      37     0.187380    -0.982287
      38     0.062794    -0.998027
      39    -0.062802    -0.998026
      40    -0.187377    -0.982288
      41    -0.309031    -0.951052
      42    -0.425773    -0.904830
      43    -0.535828    -0.844328
      44    -0.637425    -0.770512
      45    -0.728984    -0.684531
      46    -0.809011    -0.587794
      47    -0.876289    -0.481788
      48    -0.929787    -0.368096
      49    -0.968587    -0.248674
      50    -0.992113    -0.125349
      51   -50.000000   -50.000000
      52    50.000000   -50.000000
      53   -41.666664   -50.000000
      54   -33.333332   -50.000000
      55   -25.000000   -50.000000
      56   -16.666662   -50.000000
      57    -8.333343   -50.000000
      58     0.000012   -50.000000
      59     8.333343   -50.000000
      60    16.666639   -50.000000
      61    25.000048   -50.000000
      62    33.333344   -50.000000
      63    41.666679   -50.000000
      64    50.000000    50.000000
      65    50.000000   -41.666664
      66    50.000000   -33.333332
      67    50.000000   -25.000000
      68    50.000000   -16.666662
      69    50.000000    -8.333331
      70    50.000000     0.000000
      71    50.000000     8.333355
      72    50.000000    16.666681
      73    50.000000    25.000006
      74    50.000000    33.333344
      75    50.000000    41.666733
      76   -50.000000    50.000000
      77    41.666668    50.000000
      78    33.333332    50.000000
      79    25.000002    50.000000
      80    16.666662    50.000000
      81     8.333338    50.000000
      82     0.000018    50.000000
      83    -8.333338    50.000000
      84   -16.666639    50.000000
      85   -25.000048    50.000000
      86   -33.333344    50.000000
      87   -41.666679    50.000000
      88   -50.000000    41.666664
      89   -50.000000    33.333332
      90   -50.000000    25.000000
      91   -50.000000    16.666662
      92   -50.000000     8.333331
      93   -50.000000     0.000000
      94   -50.000000    -8.333355
      95   -50.000000   -16.666681
      96   -50.000000   -25.000006
      97   -50.000000   -33.333344
      98   -50.000000   -41.666733
      99    -0.847774    -0.713743
     100    -0.932563    -0.601841
     101    -0.981250    -0.740765
     102    -1.072408    -0.613973
     103    -1.005733    -0.479504
     104    -0.751551    -0.813577
     105    -0.879851    -0.855401
     106    -1.022637    -0.896787
     107     0.849769     0.710525
     108     0.933755     0.599888
     109     0.985282     0.733990
     110     1.074287     0.610687
     111     1.006157     0.478809
     112     0.753920     0.809835
     113     0.884782     0.847270
     114     1.029357     0.884004
     115    -1.089018    -0.206881
     116    -1.104159    -0.069592
     117    -1.058695    -0.345022
     118    -1.195718    -0.301460
     119    -1.216406    -0.151422
     120    -1.223925    -0.000591
     121    -1.103574     0.069094
     122     1.089041     0.205381
     123     1.104055     0.066228
     124     1.058719     0.344563
     125     1.195707     0.299652
     126     1.216009     0.146097
     127     1.222226    -0.007220
     128     1.103257    -0.073712
     129    -0.405145    -1.028587
     130    -0.528519    -0.971895
     131    -0.276227    -1.070413
     132    -0.376436    -1.162492
     133    -0.513379    -1.109601
     134    -0.644201    -1.041222
     135    -0.644422    -0.900110
     136     0.405374     1.028242
     137     0.529240     0.970786
     138     0.276227     1.070413
     139     0.376588     1.162262
     140     0.514213     1.108310
     141     0.646796     1.037144
     142     0.646057     0.897557
     143    -0.143143    -1.097119
     144    -0.006187    -1.108700
     145    -0.090209    -1.223176
     146    -0.234947    -1.200304
     147     0.143143     1.097119
     148     0.006187     1.108700
     149     0.090209     1.223176
     150     0.234947     1.200304
     151     0.535167    -0.968209
     152     0.410572    -1.029409
     153     0.651998    -0.893279
     154     0.658854    -1.031456
     155     0.526244    -1.106766
     156     0.387613    -1.169909
     157     0.276915    -1.078117
     158    -0.535167     0.968209
     159    -0.410572     1.029409
     160    -0.651998     0.893279
     161    -0.658854     1.031456
     162    -0.526244     1.106766
     163    -0.387613     1.169909
     164    -0.276915     1.078117
     165     0.135295    -1.105034
     166    -0.135295     1.105034
     167     0.934049    -0.590901
     168     0.854167    -0.702082
     169     0.999729    -0.471853
     170     1.071120    -0.587688
     171     0.992019    -0.713427
     172     0.896259    -0.832197
     173     0.759595    -0.803645
     174    -0.934049     0.590901
     175    -0.854167     0.702082
     176    -0.999733     0.471037
     177    -1.071142     0.586822
     178    -0.992019     0.713427
     179    -0.896259     0.832197
     180    -0.759595     0.803645
     181     1.050442    -0.345353
     182     1.085311    -0.211927
     183     1.182090    -0.312490
     184     1.134661    -0.454221
     185    -1.050582     0.343138
     186    -1.085659     0.208226
     187    -1.183701     0.306441
     188    -1.135059     0.451784
     189    -1.284254     0.421921
     190    -1.221242     0.574084
     191     1.281465    -0.425796
     192     1.220812    -0.575537
     193    -1.213982     0.153864
     194    -1.332790     0.257595
     195    -1.450950     0.385932
     196     1.211418    -0.162330
     197     1.323582    -0.264273
     198     1.440378    -0.380021
     199     1.346020    -0.095975
     200     1.475628    -0.197428
     201    -1.143025     0.716570
     202    -1.048956     0.851870
     203    -0.935641     0.983056
     204    -0.784653     0.939404
     205     1.143011    -0.717066
     206     1.048956    -0.851870
     207     0.935641    -0.983056
     208     0.784653    -0.939404
     209    -0.655826     1.185236
     210    -0.511803     1.257978
     211    -0.369637     1.320788
     212    -0.229766     1.234602
     213     0.655826    -1.185236
     214     0.511803    -1.257978
     215     0.369637    -1.320788
     216     0.229766    -1.234602
     217     0.185564     1.341701
     218     0.338355     1.307589
     219    -0.185564    -1.341701
     220    -0.338317    -1.307646
     221    -0.059971     1.232604
     222     0.030643     1.360570
     223     0.127745     1.495144
     224     0.059971    -1.232604
     225    -0.030643    -1.360570
     226    -0.127745    -1.495144
     227     0.489554     1.257241
     228     0.636920     1.189983
     229     0.778580     1.104092
     230     0.770923     0.949882
     231    -0.488947    -1.258178
     232    -0.634768    -1.193425
     233    -0.773632    -1.112236
     234    -0.766817    -0.956514
     235    -0.903347    -1.013501
     236     1.166546     0.467721
     237     1.314408     0.393611
     238     1.336329     0.237274
     239     1.349006     0.073624
     240    -1.166029    -0.468871
     241    -1.314473    -0.394998
     242    -1.336989    -0.242086
     243    -1.352395    -0.084118
     244    -1.355577     0.084004
     245     1.133166     0.757552
     246     1.223441     0.629024
     247    -1.128600    -0.766841
     248    -1.221570    -0.633020
     249    -1.291016    -0.789099
     250    -1.183587    -0.936713
     251     1.293099     0.779322
     252     1.384240    -0.551931
     253     1.309119    -0.711267
     254    -1.386350     0.554260
     255    -1.309317     0.711477
     256    -1.492413     0.702096
     257     1.216697    -0.862327
     258     1.107250    -1.010564
     259     0.977981    -1.172871
     260    -1.216693     0.862150
     261    -1.107250     1.010564
     262    -0.977981     1.172871
     263     0.644091    -1.352856
     264     0.493395    -1.420301
     265     0.345293    -1.474367
     266    -0.644091     1.352856
     267    -0.493395     1.420301
     268    -0.345293     1.474367
     269     0.800459    -1.096948
     270     0.799565    -1.271972
     271     0.788373    -1.455780
     272    -0.800459     1.096948
     273    -0.799565     1.271972
     274    -0.788373     1.455780
     275    -0.291709    -1.465925
     276    -0.454911    -1.420040
     277     0.291709     1.465925
     278     0.455101     1.419749
     279    -0.615839    -1.358275
     280    -0.771006    -1.280998
     281    -0.918707    -1.185914
     282     0.617086     1.356253
     283     0.775107     1.274132
     284     0.925643     1.172760
     285     0.761904     1.461089
     286    -1.488826    -0.179325
     287    -1.503222    -0.006398
     288    -1.516153     0.193013
     289     1.485190     0.168444
     290     1.489786    -0.011011
     291     1.646222     0.088717
     292     0.123323    -1.368214
     293     0.036601    -1.507243
     294    -0.057684    -1.661040
     295    -0.123323     1.368214
     296    -0.036601     1.507243
     297     0.057684     1.661040
     298    -1.300115    -0.525765
     299    -1.432591    -0.495774
     300    -1.465630    -0.341373
     301    -1.634238    -0.284222
     302     1.300714     0.524421
     303     1.432531     0.494705
     304     1.464869     0.337946
     305     1.632616     0.276442
     306     0.910833     1.000574
     307     1.065067     1.052814
     308     1.188589     0.919885
     309     1.365572     0.951552
     310     0.252074    -1.378226
     311    -0.252074     1.378226
     312     1.377177     0.638701
     313     1.548324     0.623927
     314    -1.376736    -0.641671
     315    -1.550205    -0.623591
     316    -0.195800     1.503477
     317    -0.121601     1.662027
     318     0.195800    -1.503477
     319     0.121601    -1.662027
     320    -0.298365     1.640256
     321     0.298365    -1.640256
     322    -1.057331    -1.071217
     323    -1.655411    -0.111399
     324    -1.294744     1.024732
     325     1.294751    -1.024829
     326    -1.567924     0.531917
     327     1.563120    -0.510513
     328     1.491724    -0.694736
     329    -0.630222     1.531546
     330     0.630222    -1.531546
     331     0.412981     1.598049
     332    -0.412981    -1.598049
     333     0.236431     1.639211
     334    -0.236431    -1.639211
     335    -0.759868    -1.464627
     336     1.613018    -0.313171
     337    -1.372497    -0.968631
     338     1.237172     1.105562
     339    -1.670359     0.065643
     340    -1.691333     0.217396
     341     1.470180     0.789719
     342    -1.474243    -0.794693
     343     1.601080     0.453446
     344     1.794013     0.399109
     345    -1.601490    -0.454350
     346    -1.789339    -0.400007
     347    -1.747493    -0.585154
     348    -1.179515     1.177984
     349    -1.087498     1.309694
     350     1.179515    -1.177984
     351     1.087498    -1.309694
     352    -0.468264     1.595380
     353    -0.431447     1.788965
     354     0.468264    -1.595380
     355     0.431447    -1.788965
     356    -0.925109    -1.374118
     357    -1.083945    -1.264283
     358     0.930352     1.363655
     359     1.090349     1.244788
     360    -1.238131    -1.130892
     361    -1.276481    -1.350351
     362    -1.817257    -0.219754
     363     1.818828     0.201903
     364     1.640429    -0.109520
     365    -1.836026    -0.037394
     366     1.822189    -0.005996
     367     1.693648    -0.661299
     368     1.401106    -0.864611
     369    -1.695131     0.690394
     370    -1.401113     0.866106
     371    -1.604861     0.868899
     372     1.604737    -0.859244
     373     1.375930    -1.206725
     374    -1.375930     1.206622
     375     0.784676    -1.644537
     376    -0.784676     1.644537
     377     0.618031    -1.725714
     378    -0.618031     1.725714
     379    -0.587914    -1.539357
     380     0.588369     1.538626
     381    -0.363160    -1.795301
     382     0.363167     1.795303
     383     0.554201     1.739910
     384    -0.554130    -1.739963
     385     0.926571     1.573011
     386    -0.923638    -1.578697
     387     1.760251    -0.447586
     388    -1.631730     0.359513
     389    -1.766669     0.507468
     390    -0.946651     1.373917
     391    -0.943026     1.562129
     392     0.946651    -1.373917
     393     0.943026    -1.562129
     394    -0.168836    -1.829704
     395     0.168836     1.829704
     396     1.746065     0.592006
     397     1.433328     1.154424
     398    -0.031113     1.841218
     399     0.031113    -1.841218
     400    -1.820069     0.325986
     401    -1.842499     0.145953
     402     1.102962    -1.474925
     403    -1.102962     1.474925
     404     1.247202    -1.356143
     405    -1.247202     1.356143
     406     1.105751     1.458988
     407    -1.100179    -1.475067
     408     1.566657     0.972846
     409    -1.589702    -0.974309
     410     2.026282     0.109460
     411     1.803143    -0.224770
     412     2.016272    -0.121587
     413     1.831841    -0.840137
     414    -1.832367     0.872055
     415    -1.497220     1.041669
     416    -1.721531     1.061281
     417     1.497241    -1.039781
     418     1.721746    -1.050898
     419    -0.515487    -1.964114
     420     0.515521     1.964154
     421     0.742244     1.665581
     422     0.720927     1.889434
     423    -0.741378    -1.666967
     424    -0.720856    -1.889544
     425    -2.012580    -0.153274
     426    -2.034416     0.047313
     427     2.011565     0.329399
     428    -1.982119    -0.334879
     429    -1.922138     0.674061
     430     1.919254    -0.607866
     431     1.455338    -1.412150
     432    -1.455127     1.412131
     433    -0.802896     1.850905
     434     0.802896    -1.850905
     435    -0.600643     1.946257
     436     0.600643    -1.946257
     437    -0.939773     1.738259
     438     0.939773    -1.738259
     439     0.302628     2.015370
     440    -0.302600    -2.015362
     441     1.111473     1.690702
     442    -1.106902    -1.700266
     443    -2.026823     0.260299
     444     1.295874    -1.564805
     445    -1.295806     1.564830
     446    -0.233990     1.827979
     447     0.233990    -1.827979
     448     1.277024     1.319178
     449    -1.295948    -1.587070
     450     1.111581    -1.683969
     451    -1.111581     1.683969
     452     1.970955     0.544969
     453    -1.958618    -0.523449
     454    -1.988273     0.469755
     455     0.082053     2.040252
     456    -0.082053    -2.040252
     457     1.662308     1.192164
     458     1.671605     0.782953
     459     1.900818     0.761105
     460    -1.681909    -0.776607
     461    -1.913544    -0.735584
     462    -1.472792    -1.197506
     463     1.305278     1.558933
     464     0.376337    -2.008051
     465    -0.376337     2.008051
     466    -1.484952    -1.456871
     467     1.980950    -0.363314
     468     2.258322    -0.007908
     469     2.232048    -0.265636
     470     1.973983    -1.056759
     471    -1.972817     1.086596
     472     1.595511    -1.239387
     473     1.833440    -1.271881
     474    -1.595179     1.241374
     475    -1.832545     1.280339
     476    -0.916829    -1.799917
     477     0.918043     1.797639
     478    -0.705492    -2.139111
     479     0.702260     2.139276
     480     0.915020     2.034718
     481    -0.916974    -2.034230
     482     2.256962     0.238635
     483    -2.091342     0.871621
     484     2.090830    -0.804486
     485     0.466520     2.217342
     486    -0.468486    -2.217935
     487    -2.145166    -0.434615
     488     2.226121     0.481790
     489    -2.165551    -0.280041
     490    -2.239100    -0.099195
     491     1.067702    -1.941618
     492    -1.068200     1.941121
     493    -0.818252     2.105964
     494     0.818081    -2.106122
     495    -2.181615     0.645764
     496    -0.222551    -2.261064
     497     0.222206     2.260733
     498    -2.262281     0.158172
     499    -1.533107     1.645765
     500     1.533140    -1.646254
     501     0.558455    -2.203380
     502    -0.558455     2.203380
     503     1.311960     1.818258
     504    -1.302132    -1.833240
     505    -1.333381     1.811551
     506     1.332869    -1.812287
     507    -2.240171     0.408719
     508    -2.174927    -0.650740
     509     2.161556     0.724467
     510     0.145531    -2.038330
     511     0.030390    -2.272416
     512    -0.145531     2.038330
     513    -0.030390     2.272416
     514    -1.514375    -1.713786
     515     1.493668     1.391735
     516     1.798422     0.978748
     517    -1.830173    -0.954626
     518    -2.103937    -0.924227
     519     1.538943     1.666346
     520    -1.650551    -1.347181
     521     1.929901     1.214049
     522    -1.715340    -1.560994
     523    -1.690266     1.462667
     524    -1.805823     1.694054
     525     1.690759    -1.461297
     526     1.805002    -1.697956
     527     1.107366     1.926353
     528     1.278339     2.055927
     529    -1.105641    -1.929527
     530    -1.277956    -2.059369
     531     2.516917    -0.158039
     532     2.176614    -0.534768
     533     2.473687    -0.448531
     534    -1.729409    -1.165011
     535    -1.985219    -1.158683
     536    -2.246477    -1.147222
     537    -1.870671    -1.375481
     538    -1.917886     1.495006
     539     1.919253    -1.492966
     540    -2.094601     1.341675
     541     2.099892    -1.323871
     542    -0.955356    -2.297655
     543     0.941823     2.296927
     544    -1.119985    -2.141919
     545     1.112813     2.143778
     546     2.530310     0.118159
     547    -2.261337     1.111128
     548     2.269110    -1.053477
     549     0.672445     2.427518
     550    -0.684093    -2.433488
     551     0.793065    -2.415805
     552    -0.794134     2.414656
     553     2.516399     0.392238
     554    -2.000239    -1.644270
     555    -2.158424    -1.396736
     556    -2.390408     0.860958
     557    -0.396072    -2.508541
     558     0.391444     2.503277
     559    -1.379700     2.103850
     560     1.376165    -2.108098
     561    -2.480370     0.597918
     562    -2.448461    -0.387035
     563     2.460908     0.673955
     564    -2.520848     0.004717
     565     0.112898     2.526896
     566    -0.113454    -2.528522
     567    -2.527589     0.314327
     568     1.615241    -1.912427
     569    -1.618578     1.907247
     570    -1.506928    -2.008749
     571     1.529340     1.992348
     572    -0.292115     2.255491
     573     0.292115    -2.255491
     574     2.063850     0.967149
     575     2.356874     0.946256
     576    -2.495572    -0.897506
     577     1.754491     1.455917
     578    -1.778623    -1.853905
     579     0.476281    -2.499836
     580    -0.476288     2.499716
     581     1.834136     1.783175
     582     2.808848    -0.346491
     583     2.392955    -0.750792
     584     2.742076    -0.681005
     585     2.825597    -0.037314
     586     2.150338    -1.700999
     587    -2.147081     1.686767
     588     2.447980    -1.376833
     589    -2.416714     1.395701
     590    -1.351623    -2.382880
     591     1.326723     2.384442
     592     0.933804     2.633838
     593    -0.978539    -2.659470
     594    -1.913224     1.940232
     595     1.906055    -1.958122
     596     2.831670     0.259385
     597    -2.591564     1.119549
     598    -0.621820    -2.788705
     599     0.604580     2.758201
     600    -2.732546     0.837282
     601     2.810634     0.587312
     602     2.231781     1.213717
     603     2.527757     1.182340
     604     0.267980     2.822251
     605    -0.264513    -2.833328
     606    -2.821944     0.522758
     607    -2.850706     0.180377
     608     1.725952    -2.225324
     609    -1.740047     2.205304
     610     1.093035    -2.279417
     611    -1.095690     2.276815
     612    -2.506303    -1.355663
     613    -2.359672    -1.710288
     614     2.701167     0.930754
     615    -0.169574     2.526518
     616    -0.022605     2.781142
     617     0.169650    -2.526479
     618     0.025770    -2.783404
     619    -0.729311     2.777635
     620     0.728195    -2.776490
     621     0.333073    -2.832748
     622    -0.329448     2.833143
     623    -1.434345     2.444770
     624     1.422074    -2.455106
     625     1.882141     2.239975
     626    -1.803303    -2.228994
     627     2.071822     1.497700
     628     2.442547     1.488351
     629    -2.122083    -1.996439
     630    -2.963061     1.135178
     631    -2.745053     1.387826
     632     3.138510    -0.590602
     633     2.625932    -1.027334
     634     3.031047    -0.972657
     635     0.518064     3.152051
     636    -0.480934    -3.201039
     637     0.849989     2.978204
     638    -0.909639    -3.114312
     639    -2.224657    -2.449084
     640     3.162834    -0.211136
     641    -2.247717     2.161422
     642     2.218547    -2.232149
     643     3.106727     0.093676
     644     3.204145     0.402210
     645    -0.591364     3.233408
     646     0.599330    -3.217922
     647     0.028253    -3.199846
     648    -0.002605     3.201616
     649    -3.117821     0.791043
     650    -3.202630     0.410339
     651     1.808114    -2.649484
     652    -1.853615     2.615725
     653    -1.098358     2.632192
     654     1.092676    -2.634045
     655     3.158507     0.861204
     656    -2.819836    -1.746962
     657     1.423260    -2.816067
     658    -1.451495     2.805654
     659    -2.813546    -0.159881
     660    -3.215579    -0.034888
     661     2.225085     1.855723
     662     2.694207     1.849555
     663     2.889685     1.351930
     664    -2.550025    -2.135271
     665    -2.607537     1.723162
     666    -3.091695     1.548644
     667    -1.353025    -2.962902
     668     1.226975     2.920209
     669    -0.764977    -3.543076
     670     0.978090     3.392825
     671     3.497322     0.043142
     672     3.797679     0.584554
     673    -3.661725     0.277724
     674    -3.492618     0.693499
     675     3.484181    -0.927258
     676     2.881767    -1.372694
     677     2.643043    -1.808786
     678     3.286450    -1.298330
     679     3.578318    -0.440850
     680    -0.304030    -3.732862
     681     0.441153     3.735405
     682    -3.417483     1.134602
     683     1.099078    -3.059015
     684    -1.116036     3.064652
     685    -2.685284    -2.616422
     686    -1.821336    -2.730709
     687    -2.367100    -3.035511
     688     3.185327     1.788710
     689    -3.034051    -0.583039
     690    -1.789308     3.256864
     691     1.693043    -3.253820
     692    -3.780394     1.739920
     693     1.700649     2.765632
     694     1.602965     3.333944
     695     2.410641     2.289617
     696     2.983244     2.319130
     697    -2.983229    -1.228504
     698    -3.092350    -2.312867
     699    -3.432188    -1.724783
     700     4.081363    -0.149780
     701    -3.973030     0.848173
     702    -1.071587     3.701813
     703     1.059342    -3.637019
     704     4.035363    -0.833303
     705     1.287576     4.171051
     706    -0.835513    -4.133113
     707     2.121624     2.635912
     708     2.537439     2.836186
     709     2.067009     3.051014
     710     3.518664     1.320469
     711    -2.944108     2.135479
     712    -2.495306     2.768976
     713     3.766959    -1.463164
     714     3.809217     2.105227
     715     2.342240    -2.889933
     716    -3.178454    -3.184146
     717     2.381426     3.663138
     718    -3.689322    -0.344690
     719    -4.324965     0.044374
     720    -3.416716     2.780913
     721     4.639098    -0.584659
     722    -1.811250    -3.394643
     723    -2.457419    -3.895273
     724    -1.226093    -3.555891
     725     0.372361    -3.797709
     726    -0.309631     3.849520
     727     2.383201    -3.698489
     728    -0.818222     4.633153
     729     0.946655    -4.439903
     730    -3.605047    -1.034553
     731    -4.223422    -1.541469
     732    -3.878189    -2.451703
     733     4.248660     1.254962
     734     3.262580     3.017758
     735     2.896996    -2.387701
     736     3.237961    -1.801702
     737     3.880213    -2.539899
     738     4.575519    -1.444205
     739     4.256255     3.016929
     740    -3.381134    -4.382864
     741    -0.061302    -4.501515
     742     0.231976     4.649983
     743     4.839593     0.366857
     744     5.578996    -0.867295
     745    -5.040660     1.138122
     746    -2.738197     3.625315
     747     2.995487    -3.086527
     748     3.378388    -3.944309
     749     5.250394     1.898131
     750    -4.227983    -0.751878
     751    -5.254503    -0.897618
     752    -4.038129     3.820376
     753    -4.888100    -2.325108
     754     1.659397    -4.012616
     755     2.157872    -4.962573
     756    -1.820378     4.227226
     757    -1.624834     5.321420
     758    -0.943047    -5.191794
     759     1.104802     5.361115
     760    -1.619630    -4.223885
     761     3.627388     4.094675
     762     5.453831    -2.448126
     763     0.492746    -5.663963
     764    -0.211193     6.146311
     765    -4.482069     2.566403
     766    -4.413888    -3.595051
     767     6.262850     0.429308
     768    -2.869703     4.899013
     769    -2.300850     6.790275
     770    -6.095889     3.285507
     771     5.417110     3.885893
     772     4.109351    -5.589040
     773     7.661957    -1.571744
     774    -4.613740     5.736135
     775     2.407669     5.008131
     776     4.192896     5.819750
     777    -2.354174    -5.201797
     778    -4.447188    -6.047691
     779    -1.212205    -7.406313
     780     4.636550    -3.804284
     781     6.324937    -4.584793
     782    -6.683568    -3.141642
     783     2.003171     6.823059
     784     7.999935     2.190724
     785    -7.329264     0.283334
     786     7.362164     6.051944
     787     2.106410    -7.322500
     788    -4.416765     9.135361
     789     4.647346     8.925816
     790    10.058310    -5.349756
     791    -9.282084     2.915579
     792     0.142138     9.572867
     793     5.979625    -8.884680
     794    -7.821945     6.529538
     795    -4.279719   -10.927107
     796    -8.803377    -7.772546
     797     9.891766    10.274925
     798    12.018734    -0.553307
     799   -11.611850    -1.656822
     800     1.113944   -11.401215
     801    -8.824043    11.902224
     802    -2.882746    14.358691
     803   -10.101981   -15.786542
     804     4.608654    14.901289
     805    12.188461     4.974035
     806   -13.633456     6.089923
     807    16.188452    -5.420621
     808     6.147094   -16.649410
     809    -7.983280    19.408701
     810    18.133720     1.583330
     811    -1.997955   -17.194277
     812   -15.626338    -8.985022
     813    13.013000    16.717720
     814    25.130728    -4.675924
     815    12.123938   -11.253448
     816    14.602314   -18.750244
     817   -16.157242    15.873700
     818    -0.347466    21.402357
     819    17.876114     9.920961
     820    25.656364     4.967836
     821     9.450663   -24.968075
     822    26.176113    13.302656
     823    33.643230     8.911598
     824    33.668999     0.380997
     825    19.853443   -12.425156
     826    22.800903   -20.422256
     827    17.315674   -26.713638
     828    25.430784   -28.494642
     829    19.704300   -34.812016
     830    11.718605   -32.993885
     831    31.457859   -22.143658
     832    33.883621   -30.497707
     833    27.622097   -36.703289
     834    21.977097   -42.760712
     835    13.869112   -41.640575
     836     4.664115   -39.627136
     837     5.168688   -30.662954
     838     1.786076   -24.202084
     839    -6.164395   -24.262091
     840    40.846443   -23.668409
     841    42.386898   -31.993322
     842    35.925194   -40.283401
     843    28.789612   -43.893127
     844    28.521805   -13.941726
     845    37.910782   -15.837597
     846    34.821907    -8.042731
     847    42.821526   -10.507550
     848    -1.634963   -31.878700
     849    -9.889003   -32.433044
     850   -14.525168   -24.553823
     851    -4.832874   -40.752525
     852   -13.352085   -41.132801
     853   -18.264790   -32.878864
     854   -22.934143   -25.275015
     855   -19.130737   -17.204800
     856   -21.715378   -41.375206
     857   -26.609501   -33.323200
     858   -31.335577   -25.950224
     859   -27.601086   -18.326633
     860   -23.939589   -10.304093
     861   -35.146904   -33.612381
     862   -39.920792   -26.213989
     863   -35.994041   -19.371572
     864   -32.619949   -11.983446
     865   -29.134550    -4.150336
     866   -30.140587   -41.576096
     867   -39.028404   -41.677399
     868   -43.992290   -33.539669
     869   -13.811192    25.513176
     870    -5.861525    27.554985
     871   -43.449322   -20.178242
     872   -41.622124   -13.732056
     873   -38.303070    -5.950431
     874   -34.143230     1.763336
     875   -26.809937     2.700410
     876   -43.402645     0.698531
     877   -38.849831     8.250596
     878   -29.996445     8.765765
     879   -21.877930     8.102572
     880    42.009880    -3.648814
     881    43.976635   -39.428535
     882    41.717888     4.498434
     883    41.730255    12.812950
     884    33.811821    17.170467
     885    41.803074    21.108389
     886    26.265297    21.290291
     887    33.899529    25.478775
     888    41.848301    29.586256
     889    33.906528    34.265827
     890    41.817879    38.679852
     891    26.139654    29.835073
     892    26.309828    39.084503
     893    33.649597    43.596306
     894    17.673338    24.890438
     895    19.071341    34.798096
     896    20.078590    42.902836
     897    20.153286    17.230955
     898     7.968809    23.129284
     899     2.357122    29.615170
     900    10.884996    31.884274
     901     4.992402    38.703266
     902    13.356569    41.229523
     903    -3.565712    35.990417
     904    -1.385643    44.442669
     905    -9.895116    42.553467
     906   -11.693966    34.132843
     907   -17.968548    41.338821
     908   -19.608402    32.493744
     909   -25.510672    39.267563
     910   -27.556843    30.937521
     911   -33.096050    37.082581
     912   -30.911741    43.881237
     913   -38.332260    43.045891
     914   -35.967400    29.668949
     915   -41.639565    35.671944
     916   -43.533237    29.131134
     917   -40.825787    21.922024
     918   -30.798393    23.038877
     919   -34.483505    15.435584
     920   -42.644962    14.163261
     921   -25.620239    15.942633
     922   -22.050209    24.008011
     923   -20.230370    -1.172744
Boundary Faces
      50        1   6 
       1        3   6 
      26        2   6 
       2       27   6 
       3        4   6 
       4        5   6 
       5        6   6 
       6        7   6 
       7        8   6 
       8        9   6 
       9       10   6 
      10       11   6 
      11       12   6 
      12       13   6 
      13       14   6 
      14       15   6 
      15       16   6 
      16       17   6 
      17       18   6 
      18       19   6 
      19       20   6 
      20       21   6 
      21       22   6 
      22       23   6 
      23       24   6 
      24       25   6 
      25       26   6 
      27       28   6 
      28       29   6 
      29       30   6 
      30       31   6 
      31       32   6 
      32       33   6 
      33       34   6 
      34       35   6 
      35       36   6 
      36       37   6 
      37       38   6 
      38       39   6 
      39       40   6 
      40       41   6 
      41       42   6 
      42       43   6 
      43       44   6 
      44       45   6 
      45       46   6 
      46       47   6 
      47       48   6 
      48       49   6 
      49       50   6 
      51       53   3 
      98       51   3 
      52       65   3 
      63       52   3 
      53       54   3 
      54       55   3 
      55       56   3 
      56       57   3 
      57       58   3 
      58       59   3 
      59       60   3 
      60       61   3 
      61       62   3 
      62       63   3 
      64       77   3 
      75       64   3 
      65       66   3 
      66       67   3 
      67       68   3 
      68       69   3 
      69       70   3 
      70       71   3 
      71       72   3 
      72       73   3 
      73       74   3 
      74       75   3 
      76       88   3 
      87       76   3 
      77       78   3 
      78       79   3 
      79       80   3 
      80       81   3 
      81       82   3 
      82       83   3 
      83       84   3 
      84       85   3 
      85       86   3 
      86       87   3 
      88       89   3 
      89       90   3 
      90       91   3 
      91       92   3 
      92       93   3 
      93       94   3 
      94       95   3 
      95       96   3 
      96       97   3 
      97       98   3 
