       2
clean
David Naumann
Noelem NoNodes NoBound
    1202     631      60
Connectivities
       1       13        6       18
       2       20       14       31
       3        7       14       20
       4      620      628      622
       5      157       64      380
       6      611      621      608
       7       20       31       34
       8       34       31       52
       9       12        7       20
      10        5        7       12
      11       30       31       14
      12      631      630      626
      13        1        9        2
      14        9        4        2
      15      550      379      524
      16       18        6       11
      17        6        4       11
      18       11        4        9
      19        9       17       11
      20      527      583      381
      21      527      379      550
      22      550      589      527
      23      527      589      583
      24      583      589      613
      25      624      630      628
      26      628      620      624
      27      624      626      630
      28       52       31       57
      29       64      157       57
      30       57       30       64
      31       31       30       57
      32      535      157      380
      33      380      580      535
      34      594      608      604
      35      594      567      560
      36      611      608      591
      37      560      535      591
      38      591      594      560
      39      608      594      591
      40      591      580      611
      41      591      535      580
      42      618      621      627
      43      618      608      621
      44      604      608      618
      45      408      535      560
      46      157      535      408
      47       51       34       52
      48       20       34       22
      49       22       12       20
      50       29       13       18
      51      133      379       88
      52      550      524      574
      53      574      589      550
      54      574      597      589
      55      574      582      597
      56      388      379      133
      57      388      524      379
      58      379      527      139
      59      139       88      379
      60       53       88      139
      61      139      527      381
      62      381       63      139
      63      139       63       53
      64      589      597      610
      65      610      613      589
      66      622      613      610
      67      610      620      622
      68      610      597      607
      69      607      620      610
      70      540      572      554
      71      554      572      582
      72      554      574      524
      73      582      574      554
      74      607      597      596
      75      597      582      596
      76       32       37       47
      77       32       29       18
      78       45       37       36
      79       45       66       50
      80       47       37       50
      81       50       37       45
      82      626      624      617
      83      612      619      617
      84      617      619      626
      85      604      618      614
      86      616      605      614
      87      623      618      627
      88      627      629      623
      89      616      614      623
      90      623      614      618
      91      560      567      510
      92      510      408      560
      93      157      408      100
      94       52       57      100
      95      100       57      157
      96       34       51       40
      97       28       22       40
      98       40       22       34
      99       12       22       19
     100       19       25       16
     101       19       22       28
     102       28       25       19
     103       15       17        9
     104       23       17       15
     105       53       63       27
     106       13       29       27
     107       27       29       53
     108      133       88       72
     109       72      108      133
     110       53       29       48
     111       48       88       53
     112       48       72       88
     113       29       32       48
     114       48       32       47
     115       47       72       48
     116      609      605      616
     117      609      619      612
     118      616      619      609
     119      590      594      604
     120      567      594      590
     121      570      555      561
     122      553      566      561
     123      588      600      598
     124      600      588      593
     125      573      555      570
     126      524      388      484
     127      484      554      524
     128      540      554      484
     129      607      596      603
     130       26       36       37
     131       26       17       23
     132       23       36       26
     133       71       50       66
     134      108       72       71
     135       47       50       71
     136       71       72       47
     137      625      623      629
     138      626      619      625
     139      625      619      616
     140      616      623      625
     141      631      626      625
     142      625      629      631
     143      536      510      567
     144      408      510      310
     145      310      100      408
     146       55       40       51
     147       51       78       55
     148       55       78       77
     149      147      343      344
     150       97       92       75
     151       75       92       66
     152       45       36       43
     153       16       25       24
     154       23       15       24
     155       24       15       16
     156       24       25       33
     157       12       19       10
     158        5       12       10
     159       10        3        5
     160       10       19       16
     161      515      526      537
     162      515      537      522
     163      570      561      576
     164      576      561      566
     165      600      593      602
     166      612      600      602
     167      602      609      612
     168      555      573      552
     169      552      572      540
     170      552      573      572
     171      572      573      587
     172      598      603      587
     173      587      603      596
     174      582      572      587
     175      587      596      582
     176      329      484      388
     177      389      484      329
     178      329      388      133
     179      133      108      329
     180      329      108      166
     181      166      389      329
     182      615      617      624
     183      607      603      615
     184      615      620      607
     185      615      624      620
     186      612      617      606
     187      606      603      598
     188      617      615      606
     189      606      615      603
     190      606      600      612
     191      598      600      606
     192       37       32       21
     193       21       26       37
     194       18       11       21
     195       21       32       18
     196       21       11       17
     197       17       26       21
     198      124       92       97
     199      124      132       92
     200       66       92       93
     201       93       71       66
     202       93      132      166
     203       92      132       93
     204      166      108       93
     205      108       71       93
     206      399      310      510
     207      399      536      477
     208      510      536      399
     209      142      310      399
     210      399      343      142
     211      477      343      399
     212      410      371      344
     213      344      343      410
     214      410      343      477
     215      100      310       86
     216       52      100       86
     217       86      310      142
     218      142       78       86
     219       86       51       52
     220       86       78       51
     221       28       40       41
     222       40       55       41
     223      344      371      207
     224      207      147      344
     225      116      147      207
     226       77       78      113
     227      113       78      142
     228      142      343      113
     229      343      147      113
     230       98      147      116
     231       98       76       77
     232       77      113       98
     233       98      113      147
     234       65       79       73
     235       74       79       65
     236       87      106       95
     237       95       79       87
     238       87      103      106
     239       87       79       74
     240       45       43       60
     241       60       43       56
     242       60       66       45
     243       60       75       66
     244       35       36       23
     245       35       43       36
     246       23       24       35
     247       62       65       73
     248       54       65       62
     249       56       43       44
     250       44       58       56
     251       43       35       44
     252       16       15        8
     253        8       10       16
     254        8        9        1
     255        8       15        9
     256        1        3        8
     257        3       10        8
     258       97       75       82
     259       56       58       68
     260      119      124       97
     261      171      124      119
     262      506      526      515
     263      515      489      506
     264      546      561      555
     265      546      522      537
     266      553      561      546
     267      546      537      553
     268      363      285      337
     269      158      285      171
     270      171      119      158
     271      158      119      120
     272      171      285      336
     273      336      285      363
     274      425      411      369
     275      605      609      599
     276      609      602      599
     277      598      587      584
     278      584      587      573
     279      584      573      570
     280      584      588      598
     281      570      576      584
     282      584      576      588
     283      132      124      221
     284      221      124      171
     285      171      336      221
     286      221      336      369
     287      558      566      553
     288      558      571      566
     289      567      590      569
     290      569      536      567
     291      601      590      604
     292      604      614      601
     293      601      614      605
     294       28       41       39
     295       39       25       28
     296       33       25       39
     297      116      207      155
     298       89       98      116
     299       76       98       89
     300       89       67       76
     301       59       41       55
     302       59       55       77
     303       77       76       59
     304       76       67       59
     305      131      155      200
     306      206      176      261
     307      261      176      208
     308      547      565      562
     309      111      101       94
     310       94      101       83
     311       73       79       84
     312       84       79       95
     313       46       62       58
     314       58       44       46
     315       54       62       46
     316       56       68       69
     317       69       60       56
     318       83       82       69
     319       69       68       83
     320       75       60       69
     321       69       82       75
     322       58       62       70
     323       70       68       58
     324       70       62       73
     325      120      119       99
     326       99      101      120
     327       97       82       99
     328       99      119       97
     329       99       82       83
     330       83      101       99
     331      123      101      111
     332      120      101      123
     333      386      368      375
     334      402      392      386
     335      404      392      402
     336      448      489      440
     337      483      506      489
     338      489      448      483
     339      483      448      460
     340      483      500      506
     341      363      337      372
     342      372      398      363
     343      150      158      120
     344      120      123      150
     345      150      123      149
     346      389      411      501
     347      540      484      501
     348      501      484      389
     349      501      552      540
     350      369      336      385
     351      385      425      369
     352      385      336      363
     353      363      398      385
     354      605      599      595
     355      595      601      605
     356      166      132      335
     357      132      221      335
     358      335      389      166
     359      335      411      389
     360      369      411      335
     361      335      221      369
     362      581      571      568
     363      579      571      581
     364      579      581      593
     365      579      576      566
     366      566      571      579
     367      579      593      588
     368      588      576      579
     369      109       89      116
     370      109      155      131
     371      116      155      109
     372      131      103      109
     373      103       87       85
     374       85      109      103
     375       89      109       85
     376       85       87       74
     377       74       67       85
     378       67       89       85
     379       49       59       67
     380       49       39       41
     381       41       59       49
     382      131      200      162
     383      296      200      347
     384      208      162      296
     385      296      162      200
     386      326      155      207
     387      326      200      155
     388      347      200      326
     389      326      207      371
     390      543      558      553
     391      553      537      543
     392      543      537      526
     393      571      558      559
     394      557      568      559
     395      559      568      571
     396      391      326      371
     397      347      326      391
     398      371      410      444
     399      444      391      371
     400      462      391      444
     401      565      547      545
     402      545      569      565
     403      477      536      545
     404      536      569      545
     405      541      547      562
     406      562      551      541
     407      557      559      548
     408      127      118      110
     409       95      106      110
     410      115      118      128
     411      111       94      105
     412       54       46       42
     413       33       39       42
     414       39       49       42
     415       38       44       35
     416       38       46       44
     417       38       24       33
     418       38       35       24
     419       33       42       38
     420       38       42       46
     421      102      105       90
     422       90      105       94
     423      144      137      129
     424      149      123      130
     425      130      123      111
     426      361      376      364
     427      264      308      328
     428      355      368      353
     429      206      261      298
     430      373      386      392
     431      368      386      373
     432      350      340      353
     433      370      376      361
     434      440      398      405
     435      405      448      440
     436      405      372      383
     437      398      372      405
     438      494      500      479
     439      460      456      479
     440      479      483      460
     441      500      483      479
     442      526      506      518
     443      506      500      518
     444      192      150      149
     445      285      158      216
     446      158      150      216
     447      150      192      216
     448      216      337      285
     449      440      489      492
     450      522      496      492
     451      492      489      515
     452      515      522      492
     453      522      546      528
     454      528      496      522
     455      528      546      555
     456      425      385      435
     457      435      385      398
     458      435      496      425
     459      435      492      496
     460      435      398      440
     461      440      492      435
     462      586      595      599
     463      601      595      585
     464      585      569      590
     465      590      601      585
     466      565      569      585
     467       61       49       67
     468       61       67       74
     469       54       42       61
     470       61       42       49
     471       74       65       61
     472       61       65       54
     473      269      275      289
     474      353      340      341
     475      341      355      353
     476      339      355      341
     477      324      261      208
     478      208      296      324
     479      176      141      145
     480      208      176      145
     481      145      162      208
     482      347      391      384
     483      516      541      514
     484      547      541      516
     485      514      462      516
     486      462      444      516
     487      556      539      551
     488      544      556      557
     489      539      556      544
     490      549      559      558
     491      549      548      559
     492      538      548      549
     493      558      543      549
     494      533      548      538
     495       96       84       95
     496       80       90       94
     497       83       68       80
     498       80       94       83
     499       68       70       80
     500       81       70       73
     501       73       84       81
     502       81       80       70
     503       90       80       81
     504      114      105      102
     505      126      129      114
     506      102      112      114
     507      114      112      126
     508      117      129      137
     509      137      130      117
     510      117      114      129
     511      117      130      111
     512      111      105      117
     513      105      114      117
     514      149      130      153
     515      153      130      137
     516      224      308      264
     517      223      287      224
     518      224      287      308
     519      223      224      185
     520      185      224      179
     521      318      333      330
     522      317      333      318
     523      323      315      313
     524      305      313      315
     525      276      287      223
     526      382      364      376
     527      382      376      396
     528      361      364      348
     529      360      382      383
     530      364      382      360
     531      257      197      206
     532      206      298      257
     533      392      404      393
     534      362      350      353
     535      353      368      362
     536      368      373      362
     537      358      370      361
     538      376      370      390
     539      396      376      390
     540      390      394      401
     541      390      370      378
     542      378      394      390
     543      460      448      424
     544      448      405      424
     545      474      456      454
     546      474      479      456
     547      474      487      494
     548      494      479      474
     549      538      549      534
     550      534      549      543
     551      534      543      526
     552      526      518      534
     553      302      192      264
     554      264      328      302
     555      337      216      302
     556      302      216      192
     557      552      501      530
     558      555      552      530
     559      530      528      555
     560      592      599      602
     561      592      586      599
     562      592      602      593
     563      593      581      592
     564      581      568      577
     565      577      592      581
     566      586      592      577
     567      595      586      578
     568      565      585      578
     569      578      585      595
     570      562      565      578
     571      140      136      128
     572      197      205      177
     573      211      205      239
     574      292      275      239
     575      275      269      238
     576      211      239      238
     577      238      239      275
     578      238      218      211
     579      321      341      340
     580      321      340      320
     581      320      312      321
     582      332      298      261
     583      261      324      332
     584      357      296      347
     585      357      324      296
     586      347      384      357
     587      121      145      141
     588      121      110      106
     589      121      141      127
     590      127      110      121
     591      512      444      410
     592      512      516      444
     593      512      410      477
     594      477      545      512
     595      512      545      547
     596      547      516      512
     597      397      386      375
     598      539      521      532
     599      551      539      532
     600      514      541      532
     601      532      541      551
     602      505      507      499
     603      472      490      476
     604      476      459      472
     605      557      548      542
     606      542      544      557
     607      548      533      542
     608      529      521      539
     609      539      544      529
     610      517      511      529
     611      529      511      521
     612      520      533      519
     613      520      505      517
     614      519      507      520
     615      507      505      520
     616      118      115      107
     617      107      110      118
     618       95      110      107
     619      107       96       95
     620       84       96       91
     621       91       81       84
     622      102       90       91
     623       90       81       91
     624      183      153      179
     625      264      192      183
     626      183      192      149
     627      149      153      183
     628      183      224      264
     629      179      224      183
     630      179      153      159
     631      159      185      179
     632      159      137      144
     633      159      153      137
     634      270      259      253
     635      253      259      248
     636      306      315      317
     637      306      305      315
     638      287      276      309
     639      309      318      330
     640      309      276      282
     641      328      360      354
     642      337      302      354
     643      354      302      328
     644      354      372      337
     645      383      372      354
     646      354      360      383
     647      345      360      328
     648      345      328      308
     649      345      348      364
     650      364      360      345
     651      144      129      138
     652      138      152      144
     653      138      129      126
     654      146      152      138
     655      126      112      125
     656      125      112      115
     657      125      115      128
     658      128      136      125
     659      249      205      197
     660      197      257      249
     661      292      239      249
     662      249      239      205
     663      311      257      298
     664      292      249      311
     665      311      249      257
     666      377      373      392
     667      392      393      377
     668      316      325      314
     669      320      340      331
     670      340      350      331
     671      331      316      320
     672      325      316      331
     673      349      358      361
     674      330      333      349
     675      349      348      330
     676      361      348      349
     677      346      349      333
     678      358      349      346
     679      378      370      365
     680      370      358      365
     681      400      405      383
     682      400      424      405
     683      383      382      400
     684      400      382      396
     685      396      412      400
     686      400      412      424
     687      464      471      461
     688      473      471      464
     689      413      418      401
     690      428      416      414
     691      414      429      428
     692      401      394      407
     693      407      413      401
     694      504      507      519
     695      519      513      504
     696      523      534      518
     697      538      534      523
     698      482      471      473
     699      482      473      488
     700      470      474      454
     701      487      474      470
     702      486      495      480
     703      480      495      487
     704      487      470      480
     705      480      470      468
     706      496      528      493
     707      528      530      493
     708      425      496      493
     709      411      425      493
     710      493      501      411
     711      493      530      501
     712      564      577      568
     713      564      568      557
     714      557      556      564
     715      586      577      575
     716      575      578      586
     717      562      578      575
     718      167      176      206
     719      167      141      176
     720      187      205      211
     721      187      177      205
     722      144      152      165
     723      163      152      146
     724      163      165      152
     725      269      274      241
     726      241      238      269
     727      218      238      241
     728      220      241      233
     729      218      241      220
     730      341      321      319
     731      292      311      319
     732      339      341      319
     733      319      311      339
     734      303      275      292
     735      292      319      303
     736      303      319      321
     737      303      321      312
     738      289      275      303
     739      303      312      289
     740      339      311      334
     741      334      311      298
     742      298      332      334
     743      334      332      356
     744      324      357      367
     745      367      332      324
     746      356      332      367
     747      145      121      122
     748      131      162      122
     749      162      145      122
     750      122      103      131
     751      106      103      122
     752      122      121      106
     753      438      439      428
     754      428      429      438
     755      402      420      415
     756      429      414      415
     757      420      434      415
     758      415      434      429
     759      415      404      402
     760      415      414      404
     761      472      459      441
     762      441      434      420
     763      459      434      441
     764      403      420      402
     765      402      386      403
     766      386      397      403
     767      503      511      517
     768      517      505      503
     769      503      505      490
     770      499      488      491
     771      491      476      490
     772      491      505      499
     773      490      505      491
     774      459      476      465
     775      531      542      533
     776      533      520      531
     777      531      520      517
     778      517      529      531
     779      544      542      531
     780      531      529      544
     781      104       91       96
     782      104      107      115
     783       96      107      104
     784      115      112      104
     785      104      112      102
     786      102       91      104
     787      256      258      271
     788      248      259      254
     789      282      276      227
     790      227      236      282
     791      227      276      223
     792      245      247      268
     793      268      256      271
     794      247      256      268
     795      313      305      300
     796      305      295      300
     797      300      295      288
     798      317      318      301
     799      301      306      317
     800      290      306      301
     801      282      290      301
     802      301      309      282
     803      318      309      301
     804      245      268      267
     805      282      236      266
     806      266      290      282
     807      297      295      305
     808      305      306      297
     809      297      306      290
     810      322      309      330
     811      287      309      322
     812      330      348      322
     813      348      345      322
     814      308      287      322
     815      322      345      308
     816      134      138      126
     817      146      138      134
     818      126      125      134
     819      134      125      136
     820      327      315      323
     821      317      315      327
     822      327      333      317
     823      327      346      333
     824      358      346      351
     825      351      365      358
     826      366      362      373
     827      373      377      366
     828      418      437      427
     829      454      456      427
     830      427      437      454
     831      409      412      396
     832      401      418      409
     833      418      427      409
     834      409      427      412
     835      396      390      409
     836      409      390      401
     837      473      464      467
     838      453      465      467
     839      450      464      461
     840      431      416      428
     841      428      439      431
     842      430      437      418
     843      418      413      430
     844      406      393      404
     845      404      414      406
     846      406      414      416
     847      413      407      417
     848      494      487      502
     849      487      495      502
     850      502      504      513
     851      495      504      502
     852      497      495      486
     853      497      504      495
     854      486      482      497
     855      497      482      488
     856      497      488      499
     857      499      507      497
     858      507      504      497
     859      525      513      519
     860      525      523      513
     861      538      523      525
     862      525      533      538
     863      519      533      525
     864      436      443      447
     865      461      471      466
     866      466      457      461
     867      468      470      455
     868      454      437      455
     869      455      470      454
     870      577      564      563
     871      563      575      577
     872      563      556      551
     873      563      564      556
     874      563      551      562
     875      562      575      563
     876      197      177      172
     877      206      197      172
     878      172      167      206
     879      211      218      195
     880      195      187      211
     881      177      187      169
     882      185      159      168
     883      168      165      181
     884      168      159      144
     885      144      165      168
     886      160      163      146
     887      174      163      160
     888      181      165      175
     889      175      190      181
     890      165      163      175
     891      175      184      190
     892      175      163      174
     893      174      184      175
     894      233      241      255
     895      255      241      274
     896      274      278      255
     897      280      279      270
     898      286      279      280
     899      307      312      320
     900      320      316      307
     901      359      334      356
     902      359      355      339
     903      339      334      359
     904      375      368      359
     905      368      355      359
     906      356      367      374
     907      375      359      374
     908      374      359      356
     909      374      397      375
     910      429      434      446
     911      453      438      446
     912      446      438      429
     913      446      465      453
     914      446      434      459
     915      459      465      446
     916      514      532      508
     917      508      532      521
     918      478      491      488
     919      476      491      478
     920      478      465      476
     921      478      467      465
     922      488      473      478
     923      473      467      478
     924      260      254      263
     925      263      254      259
     926      258      262      273
     927      273      281      271
     928      271      258      273
     929      248      254      243
     930      260      262      252
     931      252      262      258
     932      223      185      193
     933      193      227      223
     934      193      168      181
     935      185      168      193
     936      288      295      283
     937      283      268      271
     938      283      281      288
     939      271      281      283
     940      210      215      232
     941      232      236      210
     942      232      266      236
     943      295      297      284
     944      284      283      295
     945      284      267      268
     946      268      283      284
     947      290      266      277
     948      277      297      290
     949      267      284      277
     950      277      284      297
     951      346      327      338
     952      338      351      346
     953      338      327      323
     954      350      362      352
     955      362      366      352
     956      433      427      456
     957      412      427      433
     958      433      456      460
     959      460      424      433
     960      424      412      433
     961      439      450      442
     962      442      431      439
     963      464      450      452
     964      453      467      452
     965      452      467      464
     966      452      438      453
     967      439      438      452
     968      452      450      439
     969      449      447      443
     970      457      447      449
     971      449      442      450
     972      461      457      449
     973      449      450      461
     974      436      430      426
     975      426      430      413
     976      413      417      426
     977      509      500      494
     978      494      502      509
     979      509      518      500
     980      509      523      518
     981      513      523      509
     982      509      502      513
     983      475      480      468
     984      468      466      475
     985      486      480      475
     986      475      466      471
     987      475      482      486
     988      471      482      475
     989      468      455      458
     990      458      447      457
     991      458      466      468
     992      457      466      458
     993      437      430      445
     994      445      455      437
     995      445      430      436
     996      445      458      455
     997      436      447      445
     998      447      458      445
     999      156      172      177
    1000      156      169      154
    1001      177      169      156
    1002      154      169      164
    1003      190      184      196
    1004      210      190      196
    1005      196      215      210
    1006      188      182      194
    1007      188      184      174
    1008      174      182      188
    1009      204      194      191
    1010      191      199      204
    1011      189      199      191
    1012      194      182      191
    1013      178      189      191
    1014      191      182      178
    1015      278      280      265
    1016      265      255      278
    1017      270      253      265
    1018      265      280      270
    1019      291      280      278
    1020      291      299      286
    1021      286      280      291
    1022      498      463      469
    1023      469      508      498
    1024      521      511      498
    1025      498      508      521
    1026      472      441      451
    1027      469      463      423
    1028      481      508      469
    1029      481      462      514
    1030      514      508      481
    1031      272      263      259
    1032      272      259      270
    1033      270      279      272
    1034      204      199      212
    1035      225      212      226
    1036      229      247      245
    1037      240      256      247
    1038      247      229      240
    1039      240      229      228
    1040      217      229      214
    1041      228      229      217
    1042      251      254      260
    1043      260      252      251
    1044      251      243      254
    1045      242      243      251
    1046      251      252      242
    1047      178      182      170
    1048      174      160      170
    1049      170      182      174
    1050      227      193      203
    1051      210      236      203
    1052      236      227      203
    1053      203      190      210
    1054      181      190      203
    1055      203      193      181
    1056      231      232      215
    1057      231      229      245
    1058      231      215      214
    1059      214      229      231
    1060      266      232      250
    1061      250      277      266
    1062      267      277      250
    1063      232      231      250
    1064      245      267      250
    1065      250      231      245
    1066      325      331      342
    1067      342      331      350
    1068      350      352      342
    1069      432      426      417
    1070      436      426      432
    1071      432      443      436
    1072      135      118      127
    1073      128      118      135
    1074      135      140      128
    1075      154      140      135
    1076      135      156      154
    1077      167      172      143
    1078      172      156      143
    1079      156      135      143
    1080      143      135      127
    1081      127      141      143
    1082      141      167      143
    1083      186      189      173
    1084      173      189      178
    1085      180      164      169
    1086      180      169      187
    1087      186      173      180
    1088      180      173      164
    1089      180      195      186
    1090      187      195      180
    1091      198      196      184
    1092      184      188      198
    1093      214      215      198
    1094      215      196      198
    1095      186      195      201
    1096      201      189      186
    1097      201      199      189
    1098      218      220      201
    1099      201      195      218
    1100      233      226      213
    1101      213      220      233
    1102      226      212      213
    1103      213      212      199
    1104      213      201      220
    1105      199      201      213
    1106      233      255      244
    1107      255      265      244
    1108      244      265      253
    1109      244      226      233
    1110      299      291      304
    1111      314      299      304
    1112      304      316      314
    1113      304      307      316
    1114      463      498      485
    1115      511      503      485
    1116      485      498      511
    1117      485      490      472
    1118      485      503      490
    1119      472      451      485
    1120      485      451      463
    1121      397      374      395
    1122      395      374      367
    1123      469      423      421
    1124      421      481      469
    1125      462      481      421
    1126      421      391      462
    1127      421      384      391
    1128      237      225      226
    1129      237      253      248
    1130      237      244      253
    1131      226      244      237
    1132      248      243      235
    1133      235      237      248
    1134      225      237      235
    1135      234      240      228
    1136      258      256      246
    1137      256      240      246
    1138      246      252      258
    1139      240      234      246
    1140      242      252      246
    1141      246      234      242
    1142      209      194      204
    1143      161      170      160
    1144      164      173      161
    1145      178      170      161
    1146      161      173      178
    1147      194      209      202
    1148      202      209      217
    1149      202      188      194
    1150      202      198      188
    1151      202      217      214
    1152      214      198      202
    1153      293      269      289
    1154      293      274      269
    1155      289      312      293
    1156      312      307      293
    1157      419      423      463
    1158      419      395      423
    1159      463      451      419
    1160      397      395      419
    1161      423      395      387
    1162      384      421      387
    1163      387      421      423
    1164      387      357      384
    1165      387      367      357
    1166      387      395      367
    1167      230      243      242
    1168      230      235      243
    1169      242      234      230
    1170      225      235      230
    1171      148      161      160
    1172      148      160      146
    1173      146      134      148
    1174      148      134      136
    1175      294      304      291
    1176      294      291      278
    1177      307      304      294
    1178      294      293      307
    1179      294      278      274
    1180      274      293      294
    1181      422      451      441
    1182      422      419      451
    1183      422      441      420
    1184      420      403      422
    1185      422      403      397
    1186      397      419      422
    1187      225      230      219
    1188      219      209      204
    1189      204      212      219
    1190      212      225      219
    1191      164      161      151
    1192      161      148      151
    1193      151      140      154
    1194      154      164      151
    1195      136      140      151
    1196      151      148      136
    1197      209      219      222
    1198      222      219      230
    1199      222      230      234
    1200      222      234      228
    1201      228      217      222
    1202      217      209      222
Coordinates
       1    -9.500000     0.000000
       2    -9.292462     2.026739
       3    -9.288158    -2.047428
       4    -8.658846     4.014417
       5    -8.626542    -4.087325
       6    -7.553591     5.927875
       7    -7.496715    -6.004381
       8    -7.459878    -0.202010
       9    -7.337953     1.742566
      10    -7.166776    -2.064417
      11    -6.619894     3.641605
      12    -6.471711    -3.838014
      13    -6.002127     7.597523
      14    -5.936883    -7.652875
      15    -5.870883     0.620528
      16    -5.791479    -0.836304
      17    -5.681797     2.152989
      18    -5.486606     5.254088
      19    -5.461544    -2.343969
      20    -5.348051    -5.367383
      21    -4.859128     3.582734
      22    -4.704817    -3.674811
      23    -4.594690     1.161573
      24    -4.550061    -0.015108
      25    -4.535063    -1.291747
      26    -4.340112     2.346100
      27    -4.080475     8.889277
      28    -4.053085    -2.412653
      29    -4.031603     6.487609
      30    -4.014568    -8.922930
      31    -3.890439    -6.587970
      32    -3.800984     4.616801
      33    -3.707993    -0.695945
      34    -3.643905    -4.791386
      35    -3.630726     0.815034
      36    -3.494783     1.819323
      37    -3.447011     3.117777
      38    -3.371525     0.010252
      39    -3.367516    -1.541845
      40    -3.319377    -3.408457
      41    -2.925384    -2.359187
      42    -2.842329    -0.793254
      43    -2.788693     1.327850
      44    -2.777870     0.607286
      45    -2.674489     2.211452
      46    -2.616391    -0.057951
      47    -2.604622     4.037136
      48    -2.548060     5.538594
      49    -2.491775    -1.523293
      50    -2.374332     2.970030
      51    -2.340577    -4.192745
      52    -2.330228    -5.614220
      53    -2.311130     7.404503
      54    -2.248161    -0.531225
      55    -2.245304    -3.073676
      56    -2.171539     1.008383
      57    -2.170587    -7.427545
      58    -2.142750     0.425809
      59    -2.093599    -2.163768
      60    -2.090154     1.703871
      61    -2.084795    -1.040900
      62    -1.980488    -0.073751
      63    -1.857749     9.718076
      64    -1.828195    -9.725200
      65    -1.734824    -0.558208
      66    -1.719956     2.409238
      67    -1.717454    -1.495233
      68    -1.665137     0.715423
      69    -1.660165     1.202525
      70    -1.650537     0.262550
      71    -1.600590     3.397313
      72    -1.544885     4.562932
      73    -1.541141    -0.176746
      74    -1.530797    -0.968223
      75    -1.469078     1.756691
      76    -1.466501    -2.022058
      77    -1.449200    -2.741202
      78    -1.357832    -3.619678
      79    -1.320431    -0.556970
      80    -1.309445     0.485289
      81    -1.302783     0.109103
      82    -1.225747     1.267624
      83    -1.224320     0.863889
      84    -1.205569    -0.243335
      85    -1.192894    -1.258325
      86    -1.173979    -4.713261
      87    -1.106730    -0.845323
      88    -1.089410     6.060329
      89    -1.081914    -1.684245
      90    -1.044107     0.291583
      91    -1.029292     0.005077
      92    -1.025910     2.133651
      93    -0.994896     2.808019
      94    -0.989458     0.583311
      95    -0.977785    -0.517125
      96    -0.948143    -0.258393
      97    -0.928001     1.586661
      98    -0.906308    -2.306161
      99    -0.870323     1.124899
     100    -0.842470    -6.104087
     101    -0.829585     0.819888
     102    -0.827651     0.148642
     103    -0.816756    -1.069305
     104    -0.805315    -0.077528
     105    -0.797763     0.375963
     106    -0.790512    -0.748071
     107    -0.751526    -0.312296
     108    -0.735006     3.728701
     109    -0.721955    -1.421498
     110    -0.703276    -0.504343
     111    -0.698009     0.579299
     112    -0.656720     0.042067
     113    -0.651545    -3.042221
     114    -0.639789     0.225932
     115    -0.638369    -0.147378
     116    -0.578551    -1.874348
     117    -0.578529     0.393718
     118    -0.565652    -0.315824
     119    -0.558843     1.340728
     120    -0.553099     0.997999
     121    -0.540430    -0.663514
     122    -0.537691    -0.908501
     123    -0.532650     0.744952
     124    -0.524943     1.787572
     125    -0.522058    -0.033698
     126    -0.517860     0.116048
     127    -0.494628    -0.458222
     128    -0.491656    -0.176201
     129    -0.471816     0.257845
     130    -0.470059     0.540086
     131    -0.450380    -1.185307
     132    -0.441362     2.316898
     133    -0.421559     4.863324
     134    -0.413147     0.039529
     135    -0.407326    -0.297813
     136    -0.403422    -0.071178
     137    -0.400937     0.378265
     138    -0.395891     0.156568
     139    -0.379070     7.788900
     140    -0.376144    -0.177309
     141    -0.358635    -0.580562
     142    -0.344476    -3.875863
     143    -0.339172    -0.413270
     144    -0.328002     0.258369
     145    -0.324782    -0.774312
     146    -0.320636     0.071466
     147    -0.320060    -2.462133
     148    -0.317270    -0.017445
     149    -0.312813     0.654512
     150    -0.304907     0.859326
     151    -0.303553    -0.103993
     152    -0.299465     0.157031
     153    -0.298141     0.489083
     154    -0.294079    -0.209466
     155    -0.291855    -1.520980
     156    -0.275107    -0.303687
     157    -0.270870    -7.835780
     158    -0.269746     1.124578
     159    -0.263834     0.355891
     160    -0.250374     0.027352
     161    -0.239442    -0.050790
     162    -0.238684    -0.990216
     163    -0.238389     0.099096
     164    -0.234777    -0.134860
     165    -0.233668     0.191481
     166    -0.225971     2.960923
     167    -0.222477    -0.499930
     168    -0.210077     0.271392
     169    -0.208715    -0.214976
     170    -0.198873     0.001372
     171    -0.196316     1.460745
     172    -0.196238    -0.388805
     173    -0.186228    -0.088219
     174    -0.184841     0.059069
     175    -0.184361     0.131105
     176    -0.174600    -0.644269
     177    -0.169219    -0.288149
     178    -0.168913    -0.038720
     179    -0.166604     0.431887
     180    -0.166489    -0.153131
     181    -0.158029     0.201034
     182    -0.150434     0.011917
     183    -0.150156     0.555682
     184    -0.143047     0.091262
     185    -0.137845     0.340823
     186    -0.134583    -0.107200
     187    -0.129798    -0.210310
     188    -0.129776     0.047634
     189    -0.129328    -0.064725
     190    -0.126314     0.147422
     191    -0.122942    -0.023062
     192    -0.120866     0.715393
     193    -0.113818     0.260212
     194    -0.107890     0.011386
     195    -0.103935    -0.148354
     196    -0.099069     0.108900
     197    -0.098874    -0.369983
     198    -0.096372     0.071131
     199    -0.093753    -0.052213
     200    -0.091701    -1.251569
     201    -0.091135    -0.095692
     202    -0.089251     0.038611
     203    -0.087994     0.194100
     204    -0.087396    -0.017227
     205    -0.086372    -0.273877
     206    -0.086053    -0.499820
     207    -0.083947    -1.921302
     208    -0.082460    -0.810307
     209    -0.075395     0.010416
     210    -0.069504     0.145045
     211    -0.069164    -0.195448
     212    -0.065715    -0.035702
     213    -0.064819    -0.066218
     214    -0.062937     0.063064
     215    -0.062413     0.098114
     216    -0.062396     0.917711
     217    -0.061173     0.034993
     218    -0.059348    -0.135986
     219    -0.059087    -0.009583
     220    -0.054396    -0.098028
     221    -0.053273     1.876946
     222    -0.050802     0.011564
     223    -0.048350     0.327762
     224    -0.044700     0.436313
     225    -0.044370    -0.024949
     226    -0.042504    -0.049515
     227    -0.041144     0.240825
     228    -0.040470     0.030433
     229    -0.037802     0.052666
     230    -0.037301    -0.003142
     231    -0.036025     0.083355
     232    -0.033408     0.126656
     233    -0.033114    -0.076490
     234    -0.031136     0.013940
     235    -0.029097    -0.017028
     236    -0.028824     0.180678
     237    -0.026105    -0.035235
     238    -0.024142    -0.167105
     239    -0.023890    -0.238414
     240    -0.023361     0.031761
     241    -0.021365    -0.113278
     242    -0.020696     0.004836
     243    -0.019618    -0.007025
     244    -0.018325    -0.055359
     245    -0.015829     0.068301
     246    -0.015267     0.018788
     247    -0.014749     0.047574
     248    -0.014640    -0.021690
     249    -0.011693    -0.319236
     250    -0.010345     0.103318
     251    -0.008714    -0.000772
     252    -0.007953     0.008736
     253    -0.007681    -0.037171
     254    -0.007312    -0.010537
     255    -0.006155    -0.080397
     256    -0.005059     0.033239
     257    -0.002637    -0.412870
     258    -0.001394     0.019919
     259    -0.001013    -0.021861
     260     0.000000     0.000000
     261     0.002118    -0.637318
     262     0.002314     0.008398
     263     0.002386    -0.008523
     264     0.002668     0.568818
     265     0.003582    -0.054834
     266     0.004125     0.148040
     267     0.005824     0.078172
     268     0.006243     0.052980
     269     0.007125    -0.139371
     270     0.008992    -0.034322
     271     0.010277     0.033622
     272     0.010458    -0.017417
     273     0.010747     0.017645
     274     0.015535    -0.101248
     275     0.017468    -0.202681
     276     0.018125     0.270509
     277     0.021748     0.108654
     278     0.021852    -0.070805
     279     0.023262    -0.025317
     280     0.024228    -0.045962
     281     0.024405     0.025883
     282     0.025139     0.204065
     283     0.026543     0.046942
     284     0.028524     0.072524
     285     0.037823     1.167755
     286     0.041432    -0.032811
     287     0.041925     0.353736
     288     0.043061     0.033359
     289     0.043422    -0.161884
     290     0.044666     0.143974
     291     0.046569    -0.056778
     292     0.047111    -0.276417
     293     0.048439    -0.119734
     294     0.048602    -0.085544
     295     0.050375     0.059687
     296     0.051028    -1.005831
     297     0.051345     0.095817
     298     0.066267    -0.505177
     299     0.067328    -0.040277
     300     0.068273     0.040494
     301     0.074320     0.182221
     302     0.076960     0.726998
     303     0.077519    -0.214870
     304     0.078132    -0.070736
     305     0.078458     0.075253
     306     0.080872     0.121303
     307     0.086311    -0.108367
     308     0.086497     0.453219
     309     0.086580     0.262607
     310     0.087356    -4.947679
     311     0.089691    -0.369557
     312     0.090000    -0.155330
     313     0.100366     0.046940
     314     0.102353    -0.047291
     315     0.115413     0.088902
     316     0.121230    -0.086389
     317     0.122501     0.141258
     318     0.125157     0.202995
     319     0.125916    -0.281391
     320     0.136614    -0.136165
     321     0.138642    -0.200735
     322     0.141186     0.344451
     323     0.143146     0.052804
     324     0.144354    -0.786456
     325     0.148612    -0.053419
     326     0.159643    -1.555868
     327     0.166612     0.104468
     328     0.169703     0.571410
     329     0.171102     3.730108
     330     0.174977     0.255936
     331     0.178649    -0.103007
     332     0.180433    -0.622427
     333     0.183052     0.169659
     334     0.184592    -0.457675
     335     0.185569     2.379127
     336     0.189740     1.470681
     337     0.189901     0.913097
     338     0.199970     0.057488
     339     0.200186    -0.349637
     340     0.200746    -0.167973
     341     0.204727    -0.248216
     342     0.208892    -0.058025
     343     0.210757    -3.106711
     344     0.221969    -2.406245
     345     0.222934     0.434576
     346     0.236064     0.122180
     347     0.250817    -1.245614
     348     0.251118     0.314555
     349     0.253858     0.209170
     350     0.254329    -0.122003
     351     0.274589     0.060043
     352     0.285534    -0.060156
     353     0.288186    -0.205248
     354     0.291174     0.709300
     355     0.296420    -0.300930
     356     0.307864    -0.549050
     357     0.315009    -0.949639
     358     0.325238     0.143329
     359     0.328437    -0.411551
     360     0.345009     0.536277
     361     0.351889     0.249140
     362     0.353549    -0.148325
     363     0.354087     1.125961
     364     0.357536     0.380014
     365     0.370840     0.059214
     366     0.377844    -0.058994
     367     0.381606    -0.732314
     368     0.406984    -0.272418
     369     0.425882     1.834662
     370     0.447136     0.161623
     371     0.449133    -1.914554
     372     0.461946     0.861577
     373     0.469966    -0.173335
     374     0.473550    -0.555616
     375     0.475183    -0.399042
     376     0.483949     0.289582
     377     0.492541    -0.053765
     378     0.496355     0.053418
     379     0.496505     6.174917
     380     0.500000   -10.000000
     381     0.500000    10.000000
     382     0.505268     0.450715
     383     0.520591     0.649070
     384     0.536152    -1.169256
     385     0.567129     1.373169
     386     0.588427    -0.300687
     387     0.597332    -0.893580
     388     0.598296     4.668166
     389     0.598780     2.960980
     390     0.617800     0.181495
     391     0.622288    -1.503622
     392     0.624270    -0.161248
     393     0.638276    -0.042161
     394     0.638276     0.042161
     395     0.649627    -0.669656
     396     0.654939     0.331637
     397     0.676950    -0.477097
     398     0.687983     1.013802
     399     0.689382    -3.926726
     400     0.693522     0.511823
     401     0.731540     0.134964
     402     0.732823    -0.228469
     403     0.733228    -0.346419
     404     0.742233    -0.120551
     405     0.750422     0.735871
     406     0.752520    -0.030936
     407     0.752520     0.030936
     408     0.761648    -6.259877
     409     0.763380     0.243214
     410     0.778922    -2.499358
     411     0.787840     2.246839
     412     0.796478     0.371525
     413     0.818783     0.101365
     414     0.831509    -0.096632
     415     0.831955    -0.188664
     416     0.840400    -0.021019
     417     0.840400     0.021019
     418     0.845157     0.184415
     419     0.848198    -0.603077
     420     0.848233    -0.298647
     421     0.850134    -1.130505
     422     0.850999    -0.441029
     423     0.852745    -0.826775
     424     0.858149     0.540876
     425     0.867583     1.645157
     426     0.886556     0.068216
     427     0.899109     0.271559
     428     0.899317    -0.069813
     429     0.903267    -0.145185
     430     0.905426     0.124674
     431     0.908000    -0.012620
     432     0.908000     0.012620
     433     0.919288     0.391468
     434     0.924956    -0.237694
     435     0.932472     1.223965
     436     0.942572     0.057590
     437     0.944201     0.184288
     438     0.954389    -0.102567
     439     0.956331    -0.047901
     440     0.959334     0.901304
     441     0.959416    -0.356268
     442     0.960000    -0.005667
     443     0.960000     0.005667
     444     0.967370    -1.928503
     445     0.969574     0.105832
     446     0.977390    -0.178953
     447     0.984494     0.043770
     448     0.987788     0.670243
     449     1.000000     0.000000
     450     1.001260    -0.030109
     451     1.006020    -0.495059
     452     1.006266    -0.070623
     453     1.010953    -0.122509
     454     1.011432     0.231079
     455     1.019394     0.146284
     456     1.020295     0.329242
     457     1.020473     0.028981
     458     1.021330     0.079157
     459     1.021562    -0.271124
     460     1.025396     0.482896
     461     1.040062    -0.007938
     462     1.045092    -1.490734
     463     1.045092    -0.663425
     464     1.051324    -0.052322
     465     1.057196    -0.185535
     466     1.062412     0.038144
     467     1.066742    -0.110144
     468     1.076490     0.097960
     469     1.085501    -0.890243
     470     1.091160     0.173161
     471     1.091707    -0.013988
     472     1.093782    -0.382548
     473     1.113758    -0.075564
     474     1.116110     0.263060
     475     1.117612     0.039854
     476     1.120435    -0.259249
     477     1.121139    -3.102651
     478     1.134813    -0.158695
     479     1.143095     0.388295
     480     1.149834     0.106508
     481     1.157216    -1.159379
     482     1.160862    -0.027411
     483     1.171045     0.560643
     484     1.171530     3.673381
     485     1.188813    -0.519806
     486     1.189931     0.033360
     487     1.190293     0.180842
     488     1.192006    -0.101508
     489     1.193853     0.772744
     490     1.215127    -0.337769
     491     1.221114    -0.217583
     492     1.221403     1.048779
     493     1.221467     1.926295
     494     1.237985     0.285845
     495     1.249541     0.085133
     496     1.252161     1.424438
     497     1.261464    -0.028986
     498     1.267474    -0.722430
     499     1.278191    -0.136889
     500     1.297078     0.427801
     501     1.297559     2.670077
     502     1.305908     0.169654
     503     1.320490    -0.410185
     504     1.352232     0.031367
     505     1.356402    -0.252048
     506     1.371846     0.611466
     507     1.377522    -0.102943
     508     1.384549    -0.977306
     509     1.385936     0.286164
     510     1.403159    -4.889096
     511     1.408884    -0.567187
     512     1.416273    -2.364811
     513     1.434563     0.131801
     514     1.455612    -1.359991
     515     1.456199     0.845873
     516     1.464695    -1.791579
     517     1.491124    -0.375013
     518     1.493200     0.436517
     519     1.494987    -0.031332
     520     1.520375    -0.190042
     521     1.547870    -0.776271
     522     1.548861     1.158745
     523     1.564228     0.254014
     524     1.585701     4.967424
     525     1.596254     0.079187
     526     1.628245     0.623618
     527     1.642479     7.978466
     528     1.652271     1.581008
     529     1.656439    -0.547683
     530     1.660601     2.119643
     531     1.687844    -0.313508
     532     1.708358    -1.104383
     533     1.710849    -0.085547
     534     1.732004     0.380489
     535     1.756014    -7.864697
     536     1.761219    -3.767859
     537     1.780900     0.884795
     538     1.782644     0.141493
     539     1.852947    -0.809091
     540     1.870583     3.114965
     541     1.898201    -1.531883
     542     1.917031    -0.235744
     543     1.926615     0.571804
     544     1.928356    -0.493768
     545     1.939305    -2.842781
     546     1.955534     1.245212
     547     1.996537    -2.081653
     548     2.003594    -0.014220
     549     2.015091     0.275767
     550     2.084724     6.369376
     551     2.121373    -1.155037
     552     2.132743     2.430216
     553     2.152463     0.828030
     554     2.161492     4.033430
     555     2.164435     1.754175
     556     2.185699    -0.711773
     557     2.242223    -0.306382
     558     2.295319     0.449822
     559     2.324405     0.059316
     560     2.373322    -6.027354
     561     2.399893     1.185244
     562     2.463088    -1.653229
     563     2.537031    -1.035077
     564     2.577590    -0.588642
     565     2.617581    -2.404207
     566     2.625293     0.736820
     567     2.648131    -4.539004
     568     2.694112    -0.194994
     569     2.699485    -3.348645
     570     2.702303     1.613726
     571     2.718872     0.261148
     572     2.758575     3.085315
     573     2.804824     2.256752
     574     2.937751     5.264389
     575     2.963160    -1.270485
     576     3.027532     1.121784
     577     3.096060    -0.669488
     578     3.187800    -1.906680
     579     3.191767     0.534651
     580     3.199827    -9.628650
     581     3.216852    -0.073183
     582     3.225192     3.984471
     583     3.247930     9.615034
     584     3.412985     1.794357
     585     3.488631    -2.758150
     586     3.631947    -1.210855
     587     3.652024     2.724858
     588     3.724126     1.055652
     589     3.728270     7.187152
     590     3.737903    -3.896689
     591     3.742051    -7.274930
     592     3.800191    -0.475635
     593     3.852794     0.287176
     594     3.858442    -5.381423
     595     4.104946    -1.978767
     596     4.214738     3.757588
     597     4.216037     5.303205
     598     4.261157     1.836387
     599     4.510388    -1.069479
     600     4.578881     0.870423
     601     4.624850    -3.008122
     602     4.647789    -0.111524
     603     4.866812     2.781258
     604     5.117793    -4.390216
     605     5.259861    -1.936581
     606     5.400509     1.678518
     607     5.458320     4.285236
     608     5.499218    -6.216766
     609     5.607264    -0.747611
     610     5.628278     6.248477
     611     5.637357    -8.579486
     612     5.644451     0.475314
     613     5.650425     8.571649
     614     6.081656    -3.127964
     615     6.253132     2.924694
     616     6.699477    -1.675904
     617     6.774827     1.436835
     618     6.916130    -4.763009
     619     6.931725    -0.123863
     620     7.079449     4.685608
     621     7.678333    -6.962150
     622     7.726614     6.912021
     623     7.916119    -3.014495
     624     7.991171     2.861911
     625     8.446638    -1.079675
     626     8.458326     0.917185
     627     9.215860    -4.902428
     628     9.262441     4.818677
     629    10.173383    -2.534887
     630    10.189690     2.471821
     631    10.500000     0.000000
Boundary Faces
       2        1   3 
       1        3   3 
       4        2   3 
       3        5   3 
       6        4   3 
       5        7   3 
      13        6   3 
       7       14   3 
      27       13   3 
      14       30   3 
      63       27   3 
      30       64   3 
     381       63   3 
      64      380   3 
     260      262   1 
     263      260   1 
     262      273   1 
     272      263   1 
     279      272   1 
     273      281   1 
     286      279   1 
     281      288   1 
     299      286   1 
     288      300   1 
     314      299   1 
     300      313   1 
     313      323   1 
     325      314   1 
     323      338   1 
     342      325   1 
     338      351   1 
     352      342   1 
     351      365   1 
     366      352   1 
     365      378   1 
     377      366   1 
     393      377   1 
     378      394   1 
     380      580   3 
     583      381   3 
     406      393   1 
     394      407   1 
     416      406   1 
     407      417   1 
     431      416   1 
     417      432   1 
     442      431   1 
     432      443   1 
     449      442   1 
     443      449   1 
     580      611   3 
     613      583   3 
     611      621   3 
     622      613   3 
     621      627   3 
     628      622   3 
     627      629   3 
     630      628   3 
     629      631   3 
     631      630   3 
