 Snapshots
     0.0000000000     0.0500000000     0.0500000000     0.0500000000     0.0500000000     0.0500000000     0.0500000000     0.0500000000     0.0500000000     0.0500000000
     0.0000000000     0.0450000000     0.0250000000     0.0050000000    -0.0350000000    -0.0250000000    -0.0050000000     0.0350000000    -0.0450000000     0.0150000000
     0.0000000000     0.0450000000     0.0350000000    -0.0150000000    -0.0350000000     0.0050000000     0.0150000000    -0.0450000000    -0.0050000000     0.0250000000
     0.0000000000    -0.0150000000    -0.0050000000     0.0250000000    -0.0250000000     0.0450000000     0.0350000000    -0.0350000000    -0.0450000000     0.0050000000
     0.0000000000    -0.0225000000     0.1425000000     0.0325000000     0.3075000000     0.1975000000     0.3625000000     0.0875000000     0.4175000000     0.2525000000
     0.0000000000    -0.0250000000    -0.0150000000     0.0350000000    -0.0050000000    -0.0450000000     0.0150000000     0.0250000000    -0.0350000000     0.0050000000
     0.0000000000     0.0050000000     0.0350000000     0.0250000000     0.0450000000    -0.0250000000    -0.0150000000    -0.0350000000     0.0150000000    -0.0450000000
     0.0000000000     0.1000000000     0.1000000000     0.1000000000     0.1000000000     0.1000000000     0.1000000000     0.1000000000     0.1000000000     0.1000000000
     0.0000000000    -0.0900000000     0.0900000000     0.0300000000     0.0700000000    -0.0100000000    -0.0700000000     0.0500000000    -0.0300000000    -0.0500000000
     0.0000000000     0.0900000000     0.0100000000    -0.0500000000     0.0700000000    -0.0300000000     0.0300000000    -0.0100000000    -0.0700000000    -0.0900000000
     0.0000000000     0.0900000000     0.0700000000    -0.0700000000    -0.0500000000     0.0100000000    -0.0100000000    -0.0300000000     0.0500000000    -0.0900000000
     0.0000000000     0.0300000000    -0.0300000000     0.0900000000    -0.0700000000     0.0700000000    -0.0500000000     0.0500000000    -0.0900000000     0.0100000000
     0.0000000000    -0.0300000000     0.0900000000     0.0100000000     0.0500000000    -0.0100000000     0.0300000000     0.0700000000    -0.0700000000    -0.0500000000
     0.0000000000     0.0500000000    -0.0300000000     0.0700000000    -0.0100000000     0.0100000000    -0.0900000000    -0.0700000000     0.0900000000     0.0300000000
     0.0000000000     0.0000000000     0.0000000000     0.0000000000     0.0000000000     0.0000000000     0.0000000000     0.0000000000     0.0000000000     0.0000000000
     0.0000000000     0.0000000000     0.0000000000     0.0000000000     0.0000000000     0.0000000000     0.0000000000     0.0000000000     0.0000000000     0.0000000000
     0.0000000000     0.0000000000     0.0000000000     0.0000000000     0.0000000000     0.0000000000     0.0000000000     0.0000000000     0.0000000000     0.0000000000
     0.0000000000     0.0000000000     0.0000000000     0.0000000000     0.0000000000     0.0000000000     0.0000000000     0.0000000000     0.0000000000     0.0000000000
     0.0000000000     0.0000000000     0.0000000000     0.0000000000     0.0000000000     0.0000000000     0.0000000000     0.0000000000     0.0000000000     0.0000000000
     0.0000000000     0.0000000000     0.0000000000     0.0000000000     0.0000000000     0.0000000000     0.0000000000     0.0000000000     0.0000000000     0.0000000000
     0.0000000000     0.0000000000     0.0000000000     0.0000000000     0.0000000000     0.0000000000     0.0000000000     0.0000000000     0.0000000000     0.0000000000
     0.0000000000     0.0000000000     0.0000000000     0.0000000000     0.0000000000     0.0000000000     0.0000000000     0.0000000000     0.0000000000     0.0000000000
     0.0000000000     0.0000000000     0.0000000000     0.0000000000     0.0000000000     0.0000000000     0.0000000000     0.0000000000     0.0000000000     0.0000000000
     0.0000000000     0.0000000000     0.0000000000     0.0000000000     0.0000000000     0.0000000000     0.0000000000     0.0000000000     0.0000000000     0.0000000000
     0.0000000000     0.0000000000     0.0000000000     0.0000000000     0.0000000000     0.0000000000     0.0000000000     0.0000000000     0.0000000000     0.0000000000
     0.0000000000     0.0000000000     0.0000000000     0.0000000000     0.0000000000     0.0000000000     0.0000000000     0.0000000000     0.0000000000     0.0000000000
     0.0000000000     0.0000000000     0.0000000000     0.0000000000     0.0000000000     0.0000000000     0.0000000000     0.0000000000     0.0000000000     0.0000000000
     0.0000000000     0.0000000000     0.0000000000     0.0000000000     0.0000000000     0.0000000000     0.0000000000     0.0000000000     0.0000000000     0.0000000000
